#  rad density density_err 
     0.261125    40.46945     6.26463 
     0.265368    42.76882    10.34860 
     0.583242    29.04874     7.02881 
     0.592719    30.41776     5.14610 
     0.941562    31.55929     6.71177 
     0.954660    22.44539     6.76324 
     1.305716    23.07423     6.26493 
     1.323880    16.71580     3.06935 
     1.670509    12.68023     0.17546 
     1.697652    12.22158     0.33875 
     2.398191     1.23138     0.38940 
     2.888826     1.24554     0.39387 
     3.303461     1.24509     0.39373 
     3.545532     4.61851     1.46050 
     3.812176     0.95734     0.30274 
     4.223700     0.97381     0.30794 
     4.542974     1.39243     0.44032 
     4.790992     1.35901     0.42976 
     5.061540     1.05995     0.33518 
     5.383049     0.85361     0.26994 
     5.748392     0.72041     0.22781 
     6.126418     0.69886     0.22100 
     6.441602     0.95528     0.30209 
     6.664194     1.28024     0.40485 
     6.901094     0.80285     0.25388 
     7.149421     1.06311     0.33618 
     7.366963     0.95726     0.30271 
     7.568464     1.18593     0.37502 
     7.793863     0.74670     0.23613 
     8.001809     1.39663     0.44165 
     8.172625     0.97752     0.30912 
     8.397736     0.75506     0.23877 
     8.581643     1.58768     0.50207 
     8.698040     1.57764     0.49889 
     8.842956     1.03526     0.32738 
     9.030852     0.87270     0.27597 
     9.189530     1.50058     0.47452 
     9.311530     1.32929     0.42036 
     9.482045     0.79007     0.24984 
     9.690903     0.80008     0.25301 
     9.912721     0.67357     0.21300 
    10.137883     0.74068     0.23422 
    10.293555     1.55564     0.49194 
    10.390239     1.62997     0.51544 
    10.493547     1.34648     0.42580 
    10.650251     0.74433     0.23538 
    10.880075     0.56505     0.17869 
    11.073610     1.12119     0.35455 
    11.212040     0.95479     0.30193 
    11.338667     1.34214     0.42442 
    11.459014     1.02042     0.32268 
    11.576734     1.38410     0.43769 
    11.674853     1.40667     0.44483 
    11.783445     1.12301     0.35513 
    11.886532     1.55868     0.49290 
    12.023553     0.70357     0.22249 
    12.179990     1.04758     0.33128 
    12.292613     1.28813     0.40734 
    12.392784     1.28642     0.40680 
    12.535730     0.68237     0.21578 
    12.664043     1.78095     0.56318 
    12.793686     0.65919     0.20845 
    12.933097     1.36579     0.43190 
    13.049668     0.85263     0.26963 
    13.158244     1.63205     0.51610 
    13.256405     0.98240     0.31066 
    13.374964     1.03557     0.32748 
    13.486185     1.09744     0.34704 
    13.607342     0.86781     0.27443 
    13.725079     1.15160     0.36417 
    13.834561     0.97270     0.30760 
    13.940958     1.20776     0.38193 
    14.027727     1.43594     0.45408 
    14.125939     0.95961     0.30345 
    14.212718     1.99442     0.63069 
    14.281522     1.36803     0.43261 
    14.365137     1.29177     0.40849 
    14.474422     0.82797     0.26183 
    14.599884     0.92286     0.29183 
    14.740576     0.66134     0.20913 
    14.877227     0.97215     0.30742 
    14.959854     1.92693     0.60935 
    15.063378     0.69586     0.22005 
    15.182515     1.21273     0.38350 
    15.266765     1.27041     0.40174 
    15.352293     1.16486     0.36836 
    15.452326     0.92732     0.29325 
    15.599827     0.55468     0.17540 
    15.726457     1.45977     0.46162 
    15.816598     0.90690     0.28679 
    15.934818     0.79595     0.25170 
    16.044588     1.05463     0.33350 
    16.153879     0.79120     0.25020 
    16.255201     1.25334     0.39634 
    16.340184     1.06049     0.33536 
    16.438197     0.92935     0.29389 
    16.523682     1.44209     0.45603 
    16.588182     1.54234     0.48773 
    16.643661     1.96145     0.62026 
    16.721767     0.88572     0.28009 
    16.833500     0.81500     0.25773 
    16.927885     1.29216     0.40862 
    17.011552     0.98924     0.31283 
    17.099503     1.14446     0.36191 
    17.160470     2.28397     0.72225 
    17.231201     0.91582     0.28961 
    17.350562     0.66534     0.21040 
    17.441255     2.09698     0.66312 
    17.519485     0.80433     0.25435 
    17.615670     1.13753     0.35972 
    17.698437     1.04433     0.33025 
    17.766627     1.78195     0.56350 
    17.820292     1.56521     0.49496 
    17.875732     1.65432     0.52314 
    17.958284     0.79638     0.25184 
    18.061984     0.91677     0.28991 
    18.145254     1.24548     0.39386 
    18.228443     0.90992     0.28774 
    18.307229     1.41087     0.44616 
    18.406209     0.63421     0.20056 
    18.519637     0.94942     0.30023 
    18.597752     1.30226     0.41181 
    18.668376     1.12870     0.35693 
    18.760202     0.78465     0.24813 
    18.860185     0.91878     0.29054 
    18.929462     1.80017     0.56926 
    19.001366     0.86259     0.27277 
    19.085572     1.16941     0.36980 
    19.147848     1.56116     0.49368 
    19.222867     0.85535     0.27048 
    19.321956     0.81247     0.25693 
    19.413638     1.00000     0.31623 
    19.492123     1.08882     0.34431 
    19.566222     1.11110     0.35136 
    19.647711     0.90238     0.28536 
    19.733756     0.97968     0.30980 
    19.814579     1.01261     0.32021 
    19.882061     1.43866     0.45495 
    19.961896     0.76643     0.24237 
    20.048165     1.15875     0.36643 
    20.141346     0.67049     0.21203 
    20.258265     0.67735     0.21420 
    20.346123     1.30958     0.41412 
    20.421161     0.86266     0.27280 
    20.507395     0.94502     0.29884 
    20.574041     1.51184     0.47809 
    20.642384     0.90157     0.28510 
    20.731222     0.83304     0.26343 
    20.809299     1.19508     0.37792 
    20.894434     0.71677     0.22666 
    20.977105     1.28437     0.40615 
    21.049034     0.89180     0.28201 
    21.107356     2.36668     0.74841 
    21.152377     1.29325     0.40896 
    21.204609     1.62164     0.51281 
    21.259088     1.19451     0.37774 
    21.306188     2.36941     0.74927 
    21.370527     0.76659     0.24242 
    21.462583     0.85272     0.26965 
    21.544553     0.95968     0.30348 
    21.636165     0.69234     0.21894 
    21.721489     1.13773     0.35978 
    21.793744     0.91160     0.28827 
    21.879395     0.79769     0.25225 
    21.972061     0.76943     0.24332 
    22.091632     0.49684     0.15712 
    22.213649     0.72348     0.22878 
    22.290753     1.29403     0.40921 
    22.344061     1.38470     0.43788 
    22.399573     1.19245     0.37709 
    22.470695     0.85688     0.27097 
    22.545758     1.04629     0.33087 
    22.620539     0.85706     0.27103 
    22.699071     0.93524     0.29575 
    22.773224     0.95297     0.30135 
    22.854707     0.77694     0.24569 
    22.956712     0.60613     0.19167 
    23.052516     0.89397     0.28270 
    23.116134     1.37677     0.43537 
    23.163048     1.56807     0.49587 
    23.224202     0.87311     0.27610 
    23.291266     1.22817     0.38838 
    23.360536     0.82181     0.25988 
    23.427913     1.31015     0.41431 
