#  rad density density_err 
     0.223867    39.22224    11.82595 
     0.390419    30.48532     9.64030 
     0.503649    34.07429    10.77524 
     0.594847    29.84292     9.43716 
     0.730574    11.98284     3.78931 
     0.852583    30.00377     9.48802 
     0.910879    32.13384    10.16161 
     1.020276     9.48742     3.00018 
     1.190099     7.63198     2.41344 
     1.333718    10.65371     3.36900 
     1.432997    12.83242     4.05797 
     1.512508    14.51969     4.59153 
     1.634924     5.64783     1.78600 
     1.790998     6.35710     2.01029 
     1.908847     8.69319     2.74903 
     2.031969     5.21018     1.64761 
     2.171723     5.67321     1.79403 
     2.320889     4.05398     1.28198 
     2.498721     3.41511     1.07995 
     2.706808     2.56014     0.80959 
     2.980998     1.67518     0.52974 
     3.224991     2.91542     0.92194 
     3.405862     2.42791     0.76777 
     3.658185     1.39365     0.44071 
     3.871318     3.60341     1.13950 
     4.068931     1.39131     0.43997 
     4.379001     1.07212     0.33903 
     4.675912     1.33574     0.42240 
     4.921329     1.37024     0.43331 
     5.156713     1.31473     0.41575 
     5.561912     0.54681     0.16487 
     5.964812     1.15932     0.36661 
     6.230211     0.84970     0.26870 
     6.520718     0.87055     0.27529 
     6.806888     0.80082     0.25324 
     7.072060     0.94409     0.29855 
     7.354285     0.66368     0.20988 
     7.662661     0.71455     0.22596 
     7.993139     0.53774     0.17005 
     8.280479     0.94033     0.29736 
     8.601062     0.42366     0.13397 
     8.977013     0.56258     0.17790 
     9.339175     0.41648     0.13170 
     9.621005     1.07086     0.33864 
     9.799354     0.80316     0.25398 
     9.997108     0.82364     0.26046 
    10.197791     0.75006     0.23719 
    10.508023     0.36728     0.11614 
    10.784299     1.05292     0.33296 
    10.922921     1.06291     0.33612 
    11.142895     0.47160     0.14913 
    11.332542     1.83754     0.58108 
    11.574221     0.33792     0.10686 
    11.909477     0.50700     0.16033 
    12.115580     0.88386     0.27950 
    12.320281     0.49537     0.15665 
    12.509101     1.08871     0.34428 
    12.687138     0.52442     0.16584 
    12.925296     0.51932     0.16422 
    13.196780     0.39430     0.12469 
    13.474813     0.47207     0.14928 
    13.658368     1.09643     0.33059 
    13.893615     0.32397     0.10245 
    14.253279     0.30531     0.09655 
    14.532521     0.56819     0.17968 
    14.693815     0.83419     0.26379 
    14.863425     0.51142     0.16172 
    15.072071     0.50788     0.16061 
    15.247425     0.73100     0.23116 
    15.432811     0.45236     0.14305 
    15.613061     0.76920     0.24324 
    15.894400     0.23278     0.07361 
    16.247470     0.35493     0.11224 
    16.671042     0.16715     0.05286 
    17.163191     0.22445     0.07098 
    17.540613     0.26554     0.08397 
    17.880814     0.26280     0.08310 
    18.110083     0.73333     0.23190 
    18.257459     0.49837     0.15760 
    18.553073     0.20605     0.06516 
    18.945813     0.22755     0.07196 
    19.305135     0.23590     0.07460 
    19.642234     0.24953     0.07891 
    19.926193     0.32842     0.10386 
    20.232964     0.21240     0.06717 
    20.496858     0.49318     0.15596 
    20.733833     0.24253     0.07669 
    21.068122     0.21457     0.06785 
    21.488162     0.15177     0.04799 
    21.888891     0.23197     0.07335 
    22.213837     0.21295     0.06734 
    22.581869     0.19400     0.05849 
    23.017635     0.14652     0.04633 
    23.403068     0.22748     0.07193 
    23.715026     0.20652     0.06531 
    24.014964     0.24107     0.07623 
    24.299451     0.22274     0.07044 
    24.584635     0.23429     0.07409 
    24.980499     0.12361     0.03909 
    25.346263     0.29056     0.09188 
    25.655658     0.15405     0.04872 
    26.103300     0.12377     0.03914 
    26.472742     0.24411     0.07719 
    26.684894     0.33503     0.10595 
    26.913424     0.21193     0.06702 
    27.234001     0.16138     0.05103 
    27.653708     0.12058     0.03813 
    28.101489     0.13541     0.04282 
    28.469302     0.17615     0.05570 
    28.810250     0.15154     0.04792 
    29.162654     0.16039     0.05072 
    29.457770     0.21614     0.06835 
    29.808872     0.11806     0.03733 
    30.176933     0.18578     0.05875 
    30.464802     0.17900     0.05661 
    30.720384     0.23623     0.07470 
    30.940087     0.23371     0.07391 
    31.273494     0.11392     0.03603 
    31.640268     0.17537     0.05546 
    31.915718     0.18884     0.05972 
    32.184827     0.18038     0.05704 
    32.502212     0.13579     0.04294 
