#  rad density density_err 
     0.818928     3.60448     0.69368 
     1.867681     3.45255     0.67710 
     2.409805     3.88044     0.76102 
     2.882615     2.85331     0.55958 
     3.306567     3.62953     0.71181 
     3.681936     2.76857     0.54296 
     4.006378     4.25146     0.83378 
     4.261234     3.64015     0.71389 
     4.498371     4.43319     0.86942 
     4.730460     3.53911     0.68110 
     4.990718     3.14262     0.61632 
     5.237117     3.45100     0.67680 
     5.463575     3.38181     0.66323 
     5.709059     2.71457     0.53237 
     5.938062     3.64858     0.71555 
     6.110813     4.38282     0.85954 
     6.292161     3.15884     0.61950 
     6.495162     3.22076     0.63164 
     6.667983     4.35932     0.83895 
     6.841827     3.02626     0.59350 
     7.027977     3.41436     0.66961 
     7.203725     3.20823     0.62919 
     7.378666     3.28278     0.64381 
     7.535123     3.86518     0.75802 
     7.712345     2.52654     0.49549 
     7.921883     2.52699     0.49558 
     8.092716     3.78882     0.74305 
     8.221284     4.27807     0.82331 
     8.347646     3.79726     0.74470 
     8.490228     3.15218     0.61819 
     8.640267     3.29249     0.64571 
     8.787969     3.14031     0.61586 
     8.950368     2.64412     0.51855 
     9.118446     2.81338     0.55175 
     9.266926     3.29170     0.64556 
     9.428398     2.34339     0.45958 
     9.613397     2.44652     0.47083 
     9.780063     2.80906     0.55090 
     9.939146     2.48495     0.48734 
    10.076694     3.81814     0.74880 
    10.180459     4.06560     0.79733 
    10.301591     2.82307     0.55365 
    10.455817     2.38176     0.46710 
    10.595887     3.42648     0.67199 
    10.718486     2.94202     0.57698 
    10.835912     3.68511     0.72271 
    10.946776     3.32390     0.63968 
    11.063776     3.22704     0.63288 
    11.167544     4.04365     0.79303 
    11.255329     4.38023     0.85903 
    11.347035     3.66596     0.71895 
    11.449191     3.44754     0.67612 
    11.558676     3.13665     0.61515 
    11.662950     3.75803     0.73701 
    11.769561     2.95923     0.58035 
    11.872907     4.11836     0.79258 
    11.967619     3.40521     0.66782 
    12.064117     3.75053     0.73554 
    12.153342     3.91378     0.76756 
    12.261699     2.60165     0.51022 
    12.388919     2.67800     0.52520 
    12.488882     4.40590     0.86407 
    12.562308     4.59745     0.90163 
    12.640688     3.84622     0.75430 
    12.741664     2.88647     0.55550 
    12.836849     4.38391     0.85975 
    12.917976     3.61054     0.70809 
    13.005752     3.66416     0.71860 
    13.092158     3.67617     0.72096 
    13.175188     3.92192     0.76915 
    13.267586     2.97851     0.58413 
    13.365315     3.41186     0.66912 
    13.455523     3.42958     0.67260 
    13.544952     3.55722     0.68459 
    13.637127     3.18854     0.62532 
    13.725815     3.66718     0.71919 
    13.811435     3.36522     0.65997 
    13.896483     3.67329     0.72039 
    13.985323     3.06248     0.60060 
    14.078283     3.29137     0.64549 
    14.186278     2.30246     0.45155 
    14.299024     2.92892     0.57441 
    14.390015     3.59025     0.69094 
    14.479276     2.99736     0.58783 
    14.571873     3.16067     0.61986 
    14.661261     3.17377     0.62243 
    14.746561     3.43590     0.67384 
    14.833541     3.02265     0.59279 
    14.913153     4.14565     0.81303 
    15.001860     2.49664     0.48963 
    15.094628     3.65250     0.71632 
    15.191265     2.30418     0.45189 
    15.287842     3.75095     0.72187 
    15.367734     3.17359     0.62239 
    15.451577     3.23284     0.63401 
    15.522684     4.48973     0.88051 
    15.590577     3.47358     0.68123 
    15.678774     2.63970     0.51769 
    15.762022     3.94711     0.77409 
    15.833786     3.39327     0.66548 
    15.915660     2.99781     0.58792 
    16.001811     3.13816     0.60394 
    16.075386     4.18043     0.81985 
    16.131101     5.14548     1.00911 
    16.194439     3.32620     0.65232 
    16.278110     2.80826     0.55075 
    16.356170     3.85667     0.75636 
    16.426327     3.37170     0.66124 
    16.489879     4.78992     0.93938 
    16.556892     3.06148     0.60041 
    16.641020     2.98121     0.57373 
    16.723068     3.19376     0.62635 
    16.805406     2.82375     0.55378 
    16.879848     3.97434     0.77943 
    16.942208     3.87452     0.75986 
    17.000869     4.48381     0.87935 
    17.062222     3.54468     0.69517 
    17.142530     2.61817     0.51347 
    17.225526     3.25535     0.63843 
    17.301244     3.19900     0.61565 
    17.372805     3.63754     0.71338 
    17.434202     4.14143     0.81220 
    17.478474     7.57996     1.48655 
    17.523617     3.99880     0.78423 
    17.595740     2.76049     0.54138 
    17.665484     4.31418     0.84608 
    17.721096     4.10177     0.80442 
    17.785652     3.22322     0.63213 
    17.861519     3.02426     0.58202 
    17.951180     2.31047     0.45312 
    18.042453     2.77074     0.54339 
    18.119894     3.16712     0.62112 
    18.201982     2.46920     0.48425 
    18.274063     4.34700     0.85252 
    18.342245     2.67703     0.52501 
    18.418959     3.24873     0.63713 
    18.498055     2.51240     0.49272 
    18.574081     3.53551     0.69337 
