#  rad density density_err 
     0.007209 82208.09724  2278.59607 
     0.012527 80707.63037  2237.00701 
     0.021520 66514.23436 13177.53588 
     0.021870 75668.40790  2097.33278 
     0.028045 69010.40820  2873.77878 
     0.034186 44762.52703 29824.44146 
     0.039797 59008.50290  4938.94847 
     0.043636 97031.91359 78075.56676 
     0.045170 54314.35122  6082.23078 
     0.047190 97929.73884 91220.21657 
     0.056474 41582.88300 13153.70603 
     0.058324 46442.39376  4542.76822 
     0.062640 43945.51884  4921.10798 
     0.068053 92664.75809 127090.37895 
     0.068367 37231.84829  9008.84269 
     0.077064 36217.17706  4055.67265 
     0.080325 34587.13558  4364.92549 
     0.095907 27727.74787  5091.35382 
     0.097915 26724.80816  5683.61376 
     0.102529 27221.65943  2662.68982 
     0.105402 32727.63299  7918.97558 
     0.105645 26972.08976  1500.02321 
     0.110116 32727.63299 10352.56895 
     0.114775 21622.93269  4914.63490 
     0.115571 21424.69245  5184.04787 
     0.122419 22851.49386   633.38437 
     0.133306 17820.28298  4311.90321 
     0.133921 17985.17203  4087.81526 
     0.136725 19007.04471  1590.86928 
     0.150955 14822.26578  3804.97832 
     0.152703 14551.72894  3735.52964 
     0.165901 16402.67184  1604.42928 
     0.168597 12328.62368  3714.85833 
     0.170157 18489.04997  6688.62265 
     0.170942 13394.13267  1690.35076 
     0.171731 12215.59418  3316.68059 
     0.186573 11558.84916  1789.29884 
     0.190480 11347.87639  1594.06770 
     0.199457 11665.80187   161.41869 
     0.204103 10737.78234   447.15010 
     0.205045 10639.33776   591.69511 
     0.209338 10445.14796   289.51252 
     0.221742 10067.33676   559.88390 
     0.228480  9614.23197   669.46065 
     0.235423  7029.34075  2435.97925 
     0.237055  9352.21745  1180.25768 
     0.239248  8768.28377   365.13489 
     0.239800  9181.52025  1028.16519 
     0.247086  8608.24455   842.01645 
     0.257542  8296.87594  1284.34849 
     0.266593  7996.76984  1468.36248 
     0.273432  7029.34075   390.92908 
     0.275327  8070.76304  2311.32569 
     0.277875  7293.14077  1128.97124 
     0.285003  7497.46758  2035.65253 
     0.292987  7428.73038  2349.89324 
     0.303983  6651.42344  1805.94138 
     0.307503  5186.98027   434.14469 
     0.310348  6651.42344  2104.01161 
     0.323481  6066.17027  1827.85717 
     0.327981  6178.94880  2235.30451 
     0.341860  5532.41304  1750.04063 
     0.345819  5583.60383  2019.93175 
     0.361284  4774.35377  1155.23145 
     0.407238  3934.72692  1185.61110 
     0.475170  2552.19937   249.64368 
     0.485120  1749.50262   740.69144 
     0.655917  1566.44300   638.88247 
     0.974650   653.00213   286.64701 
     1.116474   365.52290    10.13135 
     1.354718   336.44540   229.86438 
     1.548277   165.54444     9.20657 
     1.573435   178.20283    40.50338 
     1.985403    90.13939    11.37567 
     2.181970    71.60026    11.08365 
     2.420186    38.98653    13.51057 
     2.791571    36.21718     6.12725 
     2.856596    33.64454     4.72614 
     3.294949    18.83279     2.37671 
     3.402897    27.47354    17.84262 
     3.970532    11.88269     0.16442 
     4.705726    12.27401     1.61166 
     4.902871     7.89153     1.04526 
     5.125454     8.40038     1.11266 
     5.352729     7.07216     0.92862 
     5.634501     5.03618     0.66706 
     5.921292     6.03450     0.79929 
     6.233147     3.93543     0.52126 
     6.688475     2.55187     0.33508 
     7.184480     2.79867     0.37069 
     7.856000     1.29478     0.17150 
     8.846741     0.95761     0.12574 
    10.302003     0.48360     0.06405 
    12.929696     0.20429     0.02706 
    17.715707     0.08343     0.01105 
    24.482191     0.05098     0.00669 
    31.188073     0.04835     0.00640 
    36.706081     0.04924     0.00652 
    42.000347     0.03947     0.00518 
    47.084623     0.04189     0.00555 
    51.763555     0.03683     0.00488 
    56.675911     0.03159     0.00418 
    61.309371     0.03585     0.00471 
    65.196856     0.03893     0.00516 
    68.915346     0.03408     0.00451 
    72.651540     0.03520     0.00462 
    76.025813     0.03802     0.00504 
    79.243211     0.03473     0.00460 
    82.490684     0.03438     0.00455 
    85.748705     0.03245     0.00426 
    88.795098     0.03681     0.00488 
    91.443637     0.03934     0.00521 
    93.904182     0.04026     0.00533 
