#  rad density density_err 
     0.016667  9543.56642  2904.18033 
     0.050000  8319.75812  2090.34119 
     0.083333  6078.69986  1041.62876 
     0.116667  5705.72322  1012.39072 
     0.150000  4894.52668   599.13776 
     0.183333  3243.47609   470.42406 
     0.253333  2200.54726   333.29842 
     0.360000  1157.73910   126.52914 
     0.466667   843.93831   143.98401 
     0.573333   634.90786    89.13165 
     0.680000   483.51583    60.61180 
     0.786667   316.89158    47.75338 
     0.893333   273.91177    40.53052 
     1.000000   202.63325    32.34855 
     1.106667   163.68568    27.63964 
     1.213333   134.27980    20.34136 
     1.341667   111.94655    19.02856 
     1.513833    75.68515    19.75349 
     1.708333    54.57713    11.26166 
     1.903333    41.21077     8.62959 
     2.333333    22.80398     3.93213 
     2.399026    14.17425     3.43776 
     2.482376    12.50911     3.03391 
     2.563916    13.89447     3.36991 
     2.639498    13.62832     3.30535 
     2.719823    12.32891     2.90595 
     2.805118    11.32646     2.74707 
     2.884921    12.59755     3.05536 
     2.974823     8.63263     2.09372 
     3.063006    12.43960     3.01705 
     3.140284    10.91919     2.57368 
     3.239192     7.30980     1.77289 
     3.349702     7.56645     1.83513 
     3.460676     6.78676     1.64603 
     3.579638     6.15879     1.49373 
     3.699825     6.58152     1.55128 
     3.794885     9.83787     2.38603 
     3.920094     3.87867     0.94072 
     4.125757     2.80999     0.68152 
     4.296285     5.84851     1.41847 
     4.436816     3.51714     0.85303 
     4.623703     3.09190     0.72877 
     4.868747     1.91826     0.46525 
     5.144869     2.00303     0.48581 
     5.448929     1.43687     0.34849 
     5.839609     1.06319     0.25786 
     6.432040     0.59459     0.14015 
     7.032860     0.85007     0.20617 
     7.538657     0.64201     0.15571 
     8.746726     0.16657     0.04040 
    11.281041     0.07468     0.01811 
    15.721119     0.03215     0.00758 
    20.924803     0.02729     0.00662 
    26.585288     0.01546     0.00375 
    33.856468     0.01004     0.00243 
    40.872183     0.01090     0.00264 
    47.036859     0.00919     0.00223 
    52.256022     0.01311     0.00309 
    56.159496     0.01328     0.00322 
    59.032376     0.02163     0.00525 
    62.134035     0.01066     0.00259 
    65.606339     0.01442     0.00350 
    68.319191     0.01635     0.00385 
    71.146288     0.01231     0.00299 
    74.071191     0.01323     0.00321 
    76.981971     0.01148     0.00279 
    79.651874     0.01490     0.00361 
    82.348139     0.01055     0.00256 
