#  rad density density_err 
     0.005331  4386.32049   305.42939 
     0.008992  3891.35059   998.93666 
     0.011012  4809.50478   334.89666 
     0.013485  4765.41098   265.02311 
     0.016514  4989.99788   629.74191 
     0.020177  4989.99788   629.74191 
     0.024652  5522.05033  1663.90306 
     0.030189  5573.14523  1762.92524 
     0.036800  6224.44109  3125.66088 
     0.044962  6458.03450  3659.83911 
     0.054809  6054.80779  2848.17537 
     0.066965  5421.26155  1633.53341 
     0.082007  4721.72142   461.85574 
     0.100196  4188.90355   174.43720 
     0.122419  4037.38682   224.53484 
     0.149571  3820.32544   266.01788 
     0.182746  3750.59664   103.95685 
     0.223279  3648.38247   356.86696 
     0.272803  2524.06399   647.94471 
     0.333310  2218.70908   407.39814 
     0.407238  1914.69834   106.48385 
     0.497564  1479.45023    20.47103 
     0.607923  1361.75933   534.37551 
     0.744473   859.21205   233.28640 
     0.909596   547.14239   148.55573 
     1.111345   306.26711    51.81453 
     1.116474   271.70671     3.75958 
     1.357840   208.01773   101.14598 
     1.548277   103.30001     1.42935 
     1.659009    68.24964    20.56497 
     1.985403    36.48382    11.54075 
     2.026977    19.32415    27.76968 
     2.420186    22.18709     0.61497 
     2.714329    12.29154     2.98114 
     2.789362    14.06396     3.41101 
     2.873113     9.55731     2.31799 
     2.972071     9.16005     2.22164 
     3.086311     7.19015     1.69474 
     3.196850     9.20117     2.23161 
     3.304532     6.63601     1.60947 
     3.433496     5.85688     1.42050 
     3.582188     4.63829     1.12495 
     3.756482     3.87762     0.94046 
     3.938831     3.83858     0.93099 
     4.099389     4.64250     1.12597 
     4.223560     6.38841     1.50576 
     4.391333     2.68615     0.65149 
     4.602041     3.06142     0.74250 
     4.912584     1.28368     0.31134 
     5.309754     1.39492     0.33832 
     5.773769     0.83274     0.20197 
     6.481202     0.48990     0.11882 
     7.360626     0.40540     0.09832 
     8.564582     0.22282     0.05252 
    10.233263     0.14399     0.03492 
    13.394601     0.04502     0.01092 
    18.248756     0.02839     0.00689 
    22.663750     0.03309     0.00802 
    27.787679     0.01466     0.00356 
    33.079608     0.02074     0.00503 
    36.912367     0.01970     0.00478 
    40.353670     0.02246     0.00529 
    44.103128     0.01414     0.00343 
    48.107223     0.01532     0.00372 
    51.031875     0.02433     0.00590 
    53.363024     0.02042     0.00495 
    55.878484     0.01901     0.00461 
    58.519303     0.01691     0.00410 
    60.845051     0.02319     0.00563 
    62.670870     0.02489     0.00604 
