#  rad density density_err 
     0.041865   338.16216   236.79737 
     0.075657   726.31499   399.79338 
     0.104918   545.91498    53.39874 
     0.108855   335.06187   234.62640 
     0.136097   402.83297   145.72938 
     0.146167   604.12250   164.02652 
     0.162873   441.69757    93.93663 
     0.190480   441.69757    81.10426 
     0.217194   462.51413    45.24087 
     0.244821   535.95091    75.28651 
     0.272175   609.71237   220.57034 
     0.281740   593.09602   187.61111 
     0.299122   561.20949   144.06637 
     0.326474   502.48721    49.15085 
     0.353060   421.81790    59.25393 
     0.380933   402.83297    73.96797 
     0.391605   466.79372    19.43854 
     0.408177   406.56034    62.93515 
     0.435360   402.83297    62.35816 
     0.489608   421.81790    11.69170 
     0.544313   433.63568    30.19503 
     0.571280   441.69757    55.74260 
     0.652903   449.90934   102.25903 
     0.734258   331.99001    56.16636 
     0.756569   364.01980    10.08969 
     0.816298   300.00259    68.18701 
     0.897116   294.52693    49.82832 
     0.979149   266.14910    64.39904 
     1.051596   233.95106    88.21153 
     1.061326   322.94236    45.36461 
     1.224190   261.29134     3.61547 
     1.461668   247.24357    41.82888 
     1.468415   238.30053    30.07373 
     1.713360   240.50550   109.34413 
     1.958163   163.35221    20.61519 
     2.202159   130.95588    10.96087 
     2.448210    98.42944     5.47405 
     2.690598    95.74696    17.58100 
     2.817402    36.73880    49.59669 
     2.850026    71.96561     5.01113 
     2.936627    71.30582     1.97641 
     3.264741    53.59509     0.74159 
     3.426484    58.76585    18.58911 
     3.696994    33.81622     7.19176 
     3.952290    27.36056     7.02365 
     4.129037    29.45269     2.05086 
     4.558781    18.92888     2.11969 
     4.874752    14.30675     1.72233 
     5.027452    14.76522     1.77752 
     5.180952    13.51905     1.61584 
     5.363614     9.92634     1.19499 
     5.582425     8.50275     1.02361 
     5.812539     8.37460     1.00096 
     6.060044     6.80901     0.81971 
     6.328989     6.38507     0.76867 
     6.650915     4.50165     0.53805 
     7.047229     3.70562     0.44610 
     7.547347     2.50994     0.30216 
     8.218256     1.77878     0.21261 
     9.231408     0.94099     0.11328 
    11.714031     0.25330     0.03049 
    22.856254     0.02623     0.00314 
    40.877457     0.01539     0.00185 
    56.810903     0.01342     0.00162 
