#  rad density density_err 
     0.007326  3441.84634   532.79453 
     0.012327  3317.35140   277.65876 
     0.014992  3808.82902  1147.67557 
     0.018317  3197.35956    88.62255 
     0.022483  3286.93774   228.87689 
     0.027469  2759.25271   546.65219 
     0.033485  2295.04644  1115.93718 
     0.041006  2191.75233  1242.09013 
     0.041865  2036.06425  1425.74986 
     0.049986  1998.90188  1468.43685 
     0.061214  2253.15712  1203.77095 
     0.074619  2733.95573   581.43536 
     0.075657  1602.47579  1896.16402 
     0.091379  4062.48226  1656.90593 
     0.104918  2784.78376   511.34046 
     0.111647  5355.39461  4889.54655 
     0.146167  5981.24342  6836.90209 
     0.166667  5607.78659  5644.84718 
     0.203633  4333.02782  2175.87015 
     0.248799  3739.31006   959.90680 
     0.281740  4929.37068  3621.22303 
     0.303983  2425.44526  1026.86703 
     0.309634  3226.94436    89.44256 
     0.371406  3637.40348   826.73846 
     0.391605  2836.55675   439.09628 
     0.453784  2943.00824   204.92830 
     0.544313  4839.39952  3893.96485 
     0.554433  2836.55675   197.51584 
     0.677406  2733.95573    75.77819 
     0.693184  2943.00824   287.87070 
     0.756569  2943.00824   497.90068 
     0.827654  2759.25271   427.12969 
     1.011227  2493.39726   530.27535 
     1.051596  2970.23956  1731.86262 
     1.116474  1839.88838   179.96890 
     1.238365  1461.47529   418.54102 
     1.461668   947.96320   631.61030 
     1.513034  1238.20193   156.26212 
     1.548277  1182.47367   183.04580 
     1.848625   856.62645   182.18031 
     1.985403   939.27222   105.18160 
     2.258649   626.31307    79.04123 
     2.420186   693.09294   167.70495 
     2.856596   441.35848    43.17153 
     3.096341   353.82741    19.67772 
     3.294949   297.02396     4.10989 
     3.538741   270.88907    38.05254 
     3.731202   187.40945    42.59593 
     3.970532   231.62822    83.79413 
     4.167242   163.22680     2.25856 
     4.527399   151.63221    36.68985 
     4.611569   138.29022    25.39277 
     4.840038    88.06259    27.85640 
     5.044856   105.87453    16.38928 
     5.138647    73.92502    23.38433 
     5.518852    85.66264    19.47010 
     6.263957    49.74982     1.37894 
     6.514015    45.79220     1.26924 
     7.393477    28.10551     3.54694 
     7.513612    26.84055     3.00566 
     8.508417    21.71658     3.67403 
     8.528031    18.56913     1.03270 
     9.104378    12.67242     0.75868 
     9.511165    10.89012     0.65197 
     9.919537    11.57737     0.69188 
    10.336219     9.64692     0.57755 
    10.778587     9.37535     0.56129 
    11.228866     8.60609     0.51431 
    11.738213     6.78482     0.40620 
    12.292012     6.56751     0.39319 
    12.859448     5.92559     0.35412 
    13.493764     4.81234     0.28811 
    14.220002     4.07700     0.24365 
    15.039069     3.39586     0.20330 
    15.935392     3.01840     0.18071 
    16.892111     2.66406     0.15921 
    18.014137     1.96601     0.11770 
    19.284140     1.79023     0.10718 
    20.732455     1.33472     0.07976 
    22.496058     1.02978     0.06165 
    24.641233     0.75921     0.04545 
    27.401153     0.51691     0.03089 
    30.861420     0.38122     0.02282 
    36.112439     0.18277     0.01094 
    48.318236     0.05215     0.00312 
    72.847543     0.01943     0.00116 
   103.028276     0.01487     0.00089 
