#  rad density density_err 
     0.679572    28.54477     2.33848 
     1.621099    21.99661     1.80811 
     2.155537    26.94393     2.20733 
     2.525282    28.16497     2.31515 
     2.833246    29.19669     2.39995 
     3.112147    27.90637     2.28618 
     3.418354    20.30486     1.66905 
     3.789269    15.44529     1.26960 
     4.148114    18.13576     1.48574 
     4.470681    15.97038     1.31276 
     4.858772    10.86309     0.89294 
     5.310899     9.74974     0.79873 
     5.872995     6.02017     0.49485 
     6.596508     4.57321     0.37592 
     7.682627     2.21838     0.18174 
     9.241690     1.47609     0.12133 
    11.111778     1.05281     0.08654 
    13.037061     0.99014     0.08112 
    14.744857     1.01203     0.08319 
    16.281263     0.96818     0.07958 
    17.677788     1.03289     0.08462 
    18.993709     0.93027     0.07647 
    20.224016     1.03298     0.08491 
    21.369915     0.95312     0.07808 
    22.468176     1.01562     0.08348 
    23.468014     1.03749     0.08528 
    24.465852     0.94265     0.07722 
    25.460324     0.96301     0.07916 
    26.479285     0.83137     0.06811 
    27.422536     1.06140     0.08725 
    28.244501     0.99917     0.08213 
    29.083128     0.96771     0.07928 
    29.945129     0.89245     0.07336 
    30.845470     0.83070     0.06828 
    31.654474     1.07217     0.08784 
    32.377382     0.97380     0.08005 
    33.129488     0.93907     0.07719 
    33.881938     0.93598     0.07668 
    34.592391     1.01158     0.08315 
    35.252799     1.03163     0.08480 
    35.910313     0.98955     0.08107 
    36.533260     1.11443     0.09161 
    37.098586     1.15003     0.09453 
    37.667057     1.07648     0.08819 
    38.266131     1.00367     0.08250 
    38.846486     1.10770     0.09105 
    39.406622     1.05047     0.08606 
    39.994916     0.97553     0.08019 
    40.610393     0.92474     0.07601 
    41.213394     0.99417     0.08145 
    41.811690     0.91185     0.07495 
    42.372942     1.10148     0.09054 
    42.927647     0.91350     0.07484 
    43.498276     1.00929     0.08296 
    44.058925     0.92043     0.07540 
    44.627134     0.95679     0.07865 
    45.192078     0.90139     0.07409 
    45.736718     1.01457     0.08312 
    46.260312     0.94971     0.07807 
    46.769757     1.04327     0.08576 
    47.283472     0.92077     0.07543 
    47.807669     0.97814     0.08040 
    48.365961     0.79464     0.06532 
    48.915108     0.99873     0.08182 
    49.405063     0.96417     0.07925 
    49.882823     1.02424     0.08419 
    50.334207     1.06655     0.08737 
    50.816702     0.88586     0.07282 
    51.339809     0.87732     0.07212 
    51.869184     0.85330     0.06990 
    52.367182     0.97740     0.08034 
    52.824407     0.98165     0.08069 
    53.298766     0.89980     0.07371 
    53.776523     0.95005     0.07809 
    54.238700     0.93735     0.07705 
    54.696101     0.96028     0.07867 
    55.150108     0.93557     0.07690 
    55.593887     0.98297     0.08080 
    56.029011     0.96365     0.07895 
    56.469881     0.94259     0.07748 
    56.906939     0.95907     0.07884 
    57.284617     1.27859     0.10475 
    57.629991     1.11376     0.09155 
    58.025745     0.96267     0.07887 
    58.453403     0.93543     0.07689 
    58.868312     1.00275     0.08243 
    59.265781     1.01067     0.08280 
    59.663037     0.99046     0.08142 
    60.034990     1.13625     0.09340 
    60.386683     1.09669     0.08984 
    60.742210     1.09863     0.09031 
    61.138007     0.87838     0.07220 
    61.528393     1.12645     0.09228 
    61.894475     0.97578     0.08021 
    62.274604     1.02160     0.08397 
    62.654235     0.97294     0.07971 
    63.038614     0.98398     0.08088 
    63.440718     0.87472     0.07190 
    63.832119     1.03676     0.08493 
    64.179565     1.09050     0.08964 
    64.514146     1.09774     0.09023 
    64.833735     1.19308     0.09774 
    65.182540     0.92413     0.07596 
    65.543186     1.08818     0.08945 
    65.895939     0.95903     0.07857 
    66.255627     1.03309     0.08492 
    66.605787     0.99286     0.08161 
    66.970778     0.94731     0.07761 
    67.320808     1.07240     0.08815 
    67.657351     1.01063     0.08279 
    68.019605     0.91688     0.07537 
    68.401915     0.88999     0.07316 
    68.778381     0.94204     0.07717 
    69.116012     1.10201     0.09058 
    69.458984     0.90027     0.07400 
    69.836292     0.89850     0.07361 
    70.204056     0.93826     0.07712 
    70.566301     0.90981     0.07479 
    70.912061     1.03013     0.08439 
    71.240805     0.99334     0.08165 
    71.570436     1.00829     0.08288 
    71.894994     1.02211     0.08373 
    72.201425     1.12436     0.09242 
    72.508124     1.00500     0.08261 
    72.840421     0.95374     0.07813 
    73.183898     0.93130     0.07655 
    73.524575     0.95419     0.07843 
    73.873192     0.88803     0.07275 
    74.230308     0.89958     0.07394 
    74.561072     1.02310     0.08410 
    74.896459     0.87468     0.07166 
    75.241895     0.95188     0.07824 
    75.553245     1.06109     0.08722 
    75.829287     1.21088     0.09920 
    76.144126     0.83289     0.06846 
    76.480196     1.03106     0.08447 
    76.802748     0.89058     0.07320 
    77.142370     0.91184     0.07495 
    77.485893     0.86900     0.07119 
    77.902749     0.62792     0.05161 
    78.334643     0.78664     0.06466 
    78.703011     0.85001     0.06964 
    79.059046     0.83319     0.06849 
    79.433527     0.75768     0.06228 
    79.820857     0.77512     0.06350 
    80.202034     0.77478     0.06369 
    80.578326     0.78263     0.06433 
    80.963021     0.73988     0.06061 
    81.368671     0.69684     0.05728 
    81.764854     0.76427     0.06282 
    82.137549     0.78358     0.06419 
    82.509325     0.76109     0.06256 
    82.874723     0.79906     0.06568 
    83.233298     0.78824     0.06457 
    83.604725     0.73870     0.06072 
    83.982637     0.74908     0.06157 
    84.374832     0.68556     0.05616 
    84.784273     0.67941     0.05585 
    85.198535     0.65888     0.05416 
    85.607969     0.69381     0.05684 
    85.987662     0.76066     0.06253 
    86.353520     0.73407     0.06034 
    86.731409     0.71168     0.05830 
    87.116565     0.70025     0.05756 
    87.531848     0.60957     0.04994 
    87.955370     0.66518     0.05468 
    88.368044     0.63053     0.05183 
    88.754094     0.76481     0.06266 
    89.136152     0.63713     0.05237 
    89.532339     0.69672     0.05727 
    89.907341     0.70829     0.05803 
    90.327061     0.55835     0.04590 
    90.735710     0.74118     0.06092 
    91.107205     0.66275     0.05429 
    91.472360     0.76283     0.06270 
    91.826312     0.69266     0.05694 
    92.200999     0.67856     0.05559 
    92.578058     0.67835     0.05576 
    92.968309     0.62494     0.05137 
    93.372842     0.62920     0.05155 
    93.751468     0.71053     0.05841 
    94.128877     0.62372     0.05127 
    94.505903     0.71116     0.05826 
    94.858796     0.70355     0.05783 
    95.227611     0.64301     0.05285 
    95.573298     0.80904     0.06628 
    95.928210     0.60910     0.05007 
    96.302290     0.70891     0.05827 
    96.642108     0.73333     0.06008 
    96.969157     0.76032     0.06250 
    97.320396     0.63623     0.05212 
    97.696072     0.65453     0.05380 
    98.083161     0.59178     0.04864 
    98.478967     0.62416     0.05113 
    98.870572     0.59948     0.04928 
    99.243943     0.67942     0.05585 
    99.593145     0.68213     0.05588 
    99.979821     0.55528     0.04564 
   100.383184     0.61356     0.05043 
   100.737164     0.72317     0.05924 
   101.052401     0.76436     0.06283 
   101.382310     0.65473     0.05382 
   101.792993     0.49938     0.04091 
   102.207001     0.63749     0.05240 
   102.594693     0.55474     0.04560 
   102.958558     0.73385     0.06012 
   103.293565     0.64028     0.05263 
   103.656051     0.61614     0.05065 
   104.059220     0.52087     0.04267 
   104.463504     0.60770     0.04995 
   104.828031     0.62765     0.05159 
   105.165931     0.70955     0.05813 
   105.507300     0.61175     0.05029 
   105.872020     0.61039     0.05017 
   106.233029     0.62437     0.05115 
   106.595861     0.60024     0.04934 
   106.968610     0.58749     0.04813 
   107.354456     0.55641     0.04574 
   107.745693     0.56324     0.04630 
   108.125654     0.58991     0.04833 
   108.481311     0.63951     0.05257 
   108.826538     0.61678     0.05070 
   109.203747     0.53819     0.04409 
   109.582488     0.60723     0.04991 
   109.926945     0.63978     0.05259 
   110.311106     0.49602     0.04064 
   110.699161     0.62088     0.05104 
   111.036815     0.63783     0.05243 
   111.404551     0.52836     0.04328 
   111.801459     0.53893     0.04430 
   112.185318     0.55726     0.04581 
   112.567647     0.54312     0.04449 
   112.959355     0.52720     0.04334 
   113.344104     0.55572     0.04568 
   113.704617     0.60092     0.04923 
   114.049591     0.60234     0.04951 
   114.427253     0.49910     0.04103 
   114.819442     0.55529     0.04549 
   115.181410     0.58097     0.04776 
   115.543035     0.54913     0.04514 
   115.922837     0.52676     0.04315 
   116.297514     0.56105     0.04612 
   116.645080     0.60436     0.04968 
