#  rad density density_err 
     0.041865   244.17520   196.47265 
     0.075657   428.25412    54.04603 
     0.104918   386.99161    10.72641 
     0.146167  1036.81566  2093.37672 
     0.202698   990.15127  1972.91922 
     0.281740   346.49865     9.60405 
     0.391605   432.21670   182.98870 
     0.544313   376.44501   130.45494 
     0.756569   233.18550    53.00029 
     1.051596   210.71796    38.69192 
     1.461668   285.56274   147.96899 
     4.855568    14.78412     1.65292 
     5.034634    14.16522     1.57391 
     5.208734    14.59933     1.63225 
     5.378127    13.81635     1.54472 
     5.543827    14.34978     1.60435 
     5.727891    10.68289     1.19438 
     5.926083    11.55249     1.28361 
     6.126353     9.79245     1.09483 
     6.339917     9.34545     1.04485 
     6.565438     8.21229     0.91816 
     6.816131     7.04264     0.78739 
     7.075022     7.21508     0.80168 
     7.318048     7.45097     0.83304 
     7.591277     5.35944     0.59920 
     7.906531     5.07108     0.56696 
     8.249867     4.18123     0.46748 
     8.710334     2.68208     0.29801 
     9.349447     1.87475     0.20960 
    10.109054     1.58866     0.17762 
    11.002966     1.16298     0.13002 
    12.218690     0.72544     0.08111 
    14.021585     0.42382     0.04709 
    16.222808     0.35146     0.03929 
    19.023329     0.19873     0.02222 
    22.818355     0.13216     0.01478 
    26.108592     0.20937     0.02326 
    28.579921     0.17239     0.01927 
    31.151000     0.15979     0.01787 
    33.579911     0.16486     0.01843 
    35.669591     0.18993     0.02123 
    37.553703     0.18175     0.02019 
    39.195096     0.23304     0.02605 
    40.869554     0.15936     0.01782 
    42.756745     0.16367     0.01830 
    44.515642     0.16841     0.01883 
    46.081312     0.19523     0.02169 
    47.467658     0.20022     0.02238 
    48.885150     0.17419     0.01947 
    50.178084     0.23267     0.02601 
    51.303834     0.21378     0.02390 
    52.428899     0.22574     0.02508 
    53.538729     0.21038     0.02352 
    54.632113     0.22063     0.02467 
    55.838101     0.16820     0.01881 
    57.086017     0.19562     0.02187 
    58.182638     0.21041     0.02338 
    59.331980     0.17228     0.01926 
    60.487573     0.19754     0.02209 
    61.490157     0.22037     0.02464 
    62.381730     0.24196     0.02705 
    63.260684     0.22287     0.02476 
    64.156213     0.22637     0.02531 
    65.040887     0.21930     0.02452 
    65.930260     0.21795     0.02437 
    66.786404     0.23075     0.02580 
    67.578883     0.25141     0.02793 
    68.379462     0.22104     0.02471 
    69.133729     0.27648     0.03091 
    69.856454     0.23388     0.02615 
    70.684253     0.20556     0.02298 
    71.588379     0.19322     0.02147 
    72.466295     0.21326     0.02384 
    73.328472     0.19282     0.02156 
    74.319444     0.15842     0.01771 
    75.263305     0.20982     0.02346 
    76.195624     0.15986     0.01776 
    77.228005     0.16382     0.01832 
    78.288719     0.14586     0.01631 
    79.320840     0.16911     0.01891 
    80.281501     0.16518     0.01835 
    81.247949     0.16311     0.01824 
    82.122478     0.19668     0.02199 
    83.036022     0.14761     0.01650 
    84.075158     0.14569     0.01629 
    84.972296     0.20100     0.02233 
    85.859183     0.14553     0.01627 
    86.919219     0.13303     0.01487 
    88.004822     0.13520     0.01512 
    89.001778     0.15486     0.01731 
    89.892814     0.16709     0.01857 
    90.822064     0.14016     0.01567 
    91.889241     0.12218     0.01366 
    92.980649     0.13058     0.01460 
    94.049917     0.12422     0.01389 
    95.186708     0.11441     0.01271 
    96.379812     0.10986     0.01228 
    97.429725     0.14563     0.01628 
    98.302383     0.15275     0.01708 
    99.388589     0.09672     0.01081 
   100.556377     0.12679     0.01409 
   101.546317     0.12943     0.01447 
   102.555085     0.11838     0.01324 
   103.497317     0.14721     0.01646 
   104.518607     0.10094     0.01129 
   105.655838     0.11429     0.01270 
   106.657577     0.12755     0.01426 
   107.642023     0.11451     0.01280 
   108.664039     0.11589     0.01296 
   109.652016     0.12034     0.01345 
   110.620102     0.11999     0.01333 
   111.699377     0.09601     0.01073 
   112.814167     0.10828     0.01211 
   113.759212     0.13202     0.01476 
   114.690506     0.10940     0.01223 
   115.570225     0.14980     0.01664 
   116.331576     0.14067     0.01573 
   117.168698     0.12125     0.01356 
   118.085587     0.11500     0.01286 
   118.979054     0.12600     0.01409 
