#  rad density density_err 
     0.015165  2342.99178   741.14691 
     0.025814  2279.13875   585.07071 
     0.032497  2453.41358   962.75758 
     0.040818  2592.81043  1260.72113 
     0.051386  2217.02589   503.90356 
     0.064692  2321.51110   699.51724 
     0.073426  1777.34102   199.03024 
     0.081442  2592.81043  1302.00383 
     0.092013  1793.78656   175.45944 
     0.102529  2364.67121   819.46376 
     0.108855  1895.70504    52.54405 
     0.110369  1519.74514   526.65929 
     0.129077  3088.66470  2595.41799 
     0.136097  1861.10452    25.75194 
     0.137990  1777.34102   148.76154 
     0.146841  1533.80717   462.16646 
     0.162498  3146.08726  2814.67879 
     0.162873  1861.10452    51.58501 
     0.165519  1562.32278   424.18941 
     0.184013  2196.70007   596.43046 
     0.190480  1793.78656    49.71913 
     0.202231  2136.83390   517.04122 
     0.204573  2097.83228   446.14982 
     0.217194  1744.90089    72.66236 
     0.220724  2097.83228   507.60416 
     0.230064  2453.41358  1232.00441 
     0.238698  2136.83390   611.95194 
     0.244821  1651.09007   161.50157 
     0.257542  2258.24348   921.03713 
     0.272175  1547.99932   239.62882 
     0.275962  2408.63373  1325.81020 
     0.294340  2097.83228   695.22054 
     0.299122  1451.34535   308.66027 
     0.309634  1576.77877   109.79466 
     0.321995  2040.66053   707.17965 
     0.323481  1930.94883   495.68794 
     0.326474  1464.77448   247.81181 
     0.331016  1913.24578   491.14345 
     0.353060  1398.84877   256.85584 
     0.368001  1793.78656   407.70631 
     0.380933  1373.31690   232.33894 
     0.386232  1533.80717    42.51317 
     0.407238  1620.95428   250.92218 
     0.408177  1323.64269   204.89863 
     0.413856  1492.00667    62.13117 
     0.435360  1252.47990   248.13634 
     0.441417  1360.72626    75.67530 
     0.460096  1681.78612   557.34305 
     0.489608  1163.51173   196.84392 
     0.496419  1348.25104    93.88176 
     0.505649  1424.85531   241.05825 
     0.512683  1207.17648    67.13580 
     0.551885  1335.89020   245.29542 
     0.571280  1174.27757    48.90007 
     0.598203  1229.61956   225.78207 
     0.606525  1131.80280    78.80998 
     0.643945   985.75903    41.04965 
     0.645429   994.88015    13.76607 
     0.652903  1061.13531   103.79507 
     0.661986   967.76690    26.82400 
     0.689999   967.76690    53.82130 
     0.693184  1070.95387   243.41505 
     0.717544   890.78063    24.69014 
     0.734258   866.50438    24.01726 
     0.735951   915.73701    76.64621 
     0.812547   768.72457    32.01176 
     0.816298   783.01623    54.52319 
     0.827654   768.72457    53.52803 
     0.897116   675.72621    37.57977 
     0.965714   605.02144    50.63965 
     0.979149   562.04458     7.77696 
     0.992770   556.89172     7.70566 
     1.022937   536.74841    22.35165 
     1.061326   480.58561    20.01288 
     1.103694   562.04458   186.26128 
     1.116474   480.58561    53.81695 
     1.158374   588.53293   323.95252 
     1.224190   392.43774    27.32632 
     1.241220   450.57881   149.32159 
     1.287801   422.44557   146.39618 
     1.323880   303.22902    21.11452 
     1.379904   271.50058    30.40318 
     1.468415   259.28104     3.58765 
     1.488842   230.02274    25.75841 
     1.516522   238.65512     6.61490 
     1.548277   182.71355    60.55118 
     1.621245   186.11045    26.14345 
     1.655193   181.03843    20.27305 
     1.713360   221.70259    73.47212 
     1.794109   145.13453    22.46669 
     1.819067   138.60240    23.44887 
     1.958163   133.58902     5.56301 
     1.985403   171.30529    86.02254 
     2.041027    74.77747    54.93316 
     2.069421   117.42776     8.17676 
     2.202159    99.48801     5.53292 
     2.316588    85.06889     2.35789 
     2.420186    74.77747     2.07264 
     2.448210    72.07270     1.99767 
     2.482268    66.95311     3.72352 
     2.817402    73.41263    47.67763 
     2.856596    59.94746    22.60326 
     2.896335    62.77269    32.52669 
     3.294949    24.53414     9.62758 
     3.317789    54.17149    53.50195 
     3.426484    36.45615    15.43453 
     3.731202    22.79139     1.58702 
     3.739803    26.41014     8.75231 
     3.953516    12.41433     1.64432 
     4.117910    15.30394     2.02706 
     4.271375    13.03155     1.72607 
     4.445440    11.02175     1.45987 
     4.618224    12.24543     1.62195 
     4.801748     9.14315     1.21104 
     5.011746     8.48377     1.12370 
     5.225678     8.09321     1.07197 
     5.466510     6.10273     0.81551 
     5.705938     7.51034     0.99477 
     5.998855     4.04196     0.53537 
     6.353184     4.26858     0.56539 
     6.702881     3.70928     0.49131 
     7.063826     3.59722     0.47646 
     7.490945     2.43561     0.32260 
     7.946258     2.76158     0.36578 
     8.449183     1.81230     0.24005 
     9.141234     1.23159     0.16458 
     9.914956     1.21061     0.16035 
    10.825802     0.78617     0.10413 
    12.103253     0.50338     0.06667 
    13.539017     0.48466     0.06419 
    15.819608     0.18041     0.02390 
    22.614700     0.03853     0.00510 
    36.977293     0.01340     0.00177 
    53.086116     0.01208     0.00161 
