#  rad density density_err 
     0.003663  4386.31827  2775.27044 
     0.005832  4854.00412  2206.83885 
     0.005996  4989.99535  2035.19729 
     0.007326  5129.79654  1934.19600 
     0.008992  5129.79654  1934.19600 
     0.009837  4306.25894  2942.09865 
     0.011012  4898.91767  2150.46785 
     0.011991  4809.50234  2338.55942 
     0.013485  5522.04753  1417.54786 
     0.014650  5624.71006  1278.42956 
     0.016514  5036.16720  2054.02874 
     0.017818  5322.30968  1683.57968 
     0.020177  5522.04753  1417.54786 
     0.021820  4386.31827  2848.68262 
     0.024652  6167.37194   516.20242 
     0.026659  5082.76629  1994.55641 
     0.030189  6888.11106   576.52752 
     0.032647  5471.42110  1485.55657 
     0.036800  7836.10309  2361.17296 
     0.039797  6517.78665   180.65621 
     0.044962  9249.11418  5392.89670 
     0.048848  8130.17962  2817.46889 
     0.055062 11017.93334  9857.30551 
     0.059545 13369.03747 17478.65197 
     0.067120 11222.77202 10453.85912 
     0.082196  9774.62580  6678.16632 
     0.089094 15779.75081 27437.83422 
     0.100427  8205.40725  3093.85873 
     0.108605  6638.96135   369.21856 
     0.122701 11643.94487 12392.49935 
     0.132693  5371.55641  1299.73420 
     0.149916 11017.93334 11301.14805 
     0.162498  7483.42035  2593.33803 
     0.183168  8357.95716  5010.79829 
     0.198540  6700.39091  1819.23663 
     0.223794  4386.31827  1321.68451 
     0.242577  3927.35483  1601.79346 
     0.273432  3236.68280  1887.21814 
     0.296380  3855.67252   707.97647 
     0.362117  2455.27499  1471.99699 
     0.408177  1683.06210  1758.68279 
     0.442434  2259.95682   714.88087 
     0.536845  2344.76942   464.53640 
     0.540566  2061.10511    57.12851 
     0.609325  1265.02801   535.57818 
     0.660463  1592.57590   246.52923 
     0.985936   714.66110   100.39043 
     1.199082   371.62091    84.46500 
     1.204616   512.97965   146.90842 
     1.471800   489.89177   474.60634 
     1.798245   165.23428    27.95448 
     2.265637     5.50597     1.14807 
     2.673978     2.61631     0.54554 
     3.122028     3.14461     0.65570 
     3.499321     2.74037     0.57141 
     3.814575     3.85733     0.80431 
     4.074765     3.30763     0.68969 
     4.321148     3.83023     0.79866 
     4.546614     3.50415     0.73067 
     4.772509     3.45455     0.72032 
     4.974784     4.03143     0.84061 
     5.145576     4.47244     0.93257 
     5.326285     3.39634     0.70819 
     5.528481     3.27726     0.68336 
     5.703194     4.35475     0.90803 
     5.856388     3.93123     0.81972 
     6.005413     4.38350     0.91402 
     6.167510     3.20582     0.66846 
     6.330139     4.12709     0.86056 
     6.514789     2.45167     0.51121 
     6.696542     4.06963     0.84858 
     6.825226     4.35871     0.90885 
     6.974738     2.98238     0.62187 
     7.151314     2.88909     0.60242 
     7.312832     3.43178     0.71557 
     7.445859     4.09035     0.85290 
     7.570643     3.73730     0.77928 
     7.692678     4.14886     0.86510 
     7.798216     4.87036     1.01554 
     7.895429     4.72871     0.98600 
     7.991108     5.12263     1.04565 
     8.092410     4.13882     0.86300 
     8.193466     4.81333     1.00365 
     8.296302     3.90976     0.81524 
     8.400774     4.53465     0.94554 
     8.499401     4.25734     0.88772 
     8.641964     2.30252     0.48011 
     8.812943     2.62898     0.54818 
     8.960893     2.96220     0.61766 
     9.084493     3.68675     0.76874 
     9.194802     3.57622     0.74569 
     9.294451     4.47673     0.93346 
     9.396614     3.34822     0.69815 
     9.515223     3.18283     0.66367 
     9.607095     6.06005     1.26361 
     9.679151     4.65536     0.97071 
     9.767570     3.92014     0.81741 
     9.860519     4.11125     0.85725 
     9.948251     4.32042     0.90087 
    10.043655     3.45007     0.71939 
    10.141275     4.02854     0.84001 
    10.233274     3.78941     0.79015 
    10.330755     3.52346     0.73469 
    10.418034     4.74865     0.99016 
    10.491429     4.79297     0.99940 
    10.566282     4.50445     0.93924 
    10.651095     3.70684     0.77293 
    10.726760     5.82185     1.21394 
    10.816498     2.80014     0.58387 
    10.905663     5.84072     1.21787 
    10.975851     4.02268     0.83879 
    11.063235     3.60191     0.75105 
    11.144828     4.80520     0.98086 
    11.225489     3.62348     0.75555 
    11.304983     4.69315     0.97859 
    11.374184     4.63683     0.96685 
    11.435959     5.91214     1.23277 
    11.505044     3.78648     0.78954 
    11.584456     4.22460     0.88089 
    11.654640     4.79007     0.99880 
    11.726332     4.01169     0.83650 
    11.799873     4.47867     0.93387 
    11.870258     4.31276     0.89927 
    11.941843     4.27719     0.89186 
    12.006588     5.27272     1.09944 
    12.074338     3.90286     0.81380 
    12.151808     3.89898     0.81299 
    12.213220     6.57811     1.37163 
    12.264263     5.28067     1.10109 
    12.318015     5.82885     1.21540 
    12.372411     5.11792     1.06716 
    12.437945     4.01736     0.83768 
    12.498492     6.12279     1.27669 
    12.546251     6.11869     1.27583 
    12.599392     4.95824     1.03386 
    12.655750     5.34451     1.11441 
    12.708220     5.66783     1.18182 
    12.771412     3.79316     0.79093 
    12.833888     5.77519     1.20421 
    12.888703     4.71452     0.98305 
    12.946793     5.05451     1.05394 
    12.997949     6.07283     1.26627 
    13.059399     3.66291     0.76377 
    13.129123     4.43099     0.92393 
    13.186146     5.66615     1.15660 
    13.235449     5.82476     1.21455 
    13.300002     3.37196     0.70310 
    13.372283     4.34939     0.90691 
    13.427634     5.70745     1.19009 
    13.487113     3.81230     0.79492 
    13.547214     5.51357     1.14966 
    13.591635     6.76133     1.40984 
    13.632322     6.46393     1.34782 
    13.685578     4.11689     0.85843 
    13.741484     5.68691     1.18580 
    13.785319     6.50388     1.35615 
    13.831288     5.17830     1.07975 
    13.880929     5.47422     1.14145 
    13.929987     5.26185     1.09717 
    13.974604     6.66634     1.39003 
    14.017230     5.68211     1.18480 
    14.065180     5.21154     1.08668 
    14.120519     4.26795     0.88993 
    14.178602     4.65800     0.97126 
    14.230826     5.24729     1.09413 
    14.283104     4.61482     0.96226 
    14.330786     6.41355     1.33732 
    14.382226     4.03656     0.84168 
    14.434431     6.13216     1.27864 
    14.473902     6.72875     1.40304 
    14.524307     3.98629     0.83120 
    14.582563     4.71077     0.98226 
    14.629047     6.30587     1.31486 
    14.678993     4.14168     0.86360 
    14.725563     7.54915     1.57411 
    14.763992     5.64400     1.17686 
    14.808337     5.76299     1.17637 
    14.851691     5.87529     1.22508 
    14.905063     3.79040     0.79035 
    14.961731     5.04024     1.05096 
    15.012691     4.56802     0.95250 
    15.067106     4.38128     0.91356 
    15.118215     5.17746     1.07958 
    15.162972     5.64735     1.17755 
    15.203515     6.28007     1.30948 
    15.253708     3.86772     0.80648 
    15.305962     5.63235     1.17443 
    15.350951     5.01856     1.04644 
    15.401916     4.36762     0.91071 
    15.452462     5.07535     1.05828 
    15.490917     7.81585     1.62972 
    15.530922     4.73507     0.98733 
    15.579264     5.00910     1.04447 
    15.617453     7.95335     1.65839 
    15.659881     4.22037     0.88001 
    15.711366     4.89668     1.02103 
    15.758463     4.98322     1.03907 
    15.804820     5.02424     1.04763 
    15.851779     4.82914     1.00695 
    15.898017     5.15591     1.07508 
    15.942963     5.07595     1.05841 
    15.987826     5.14612     1.07304 
    16.032294     5.13718     1.07118 
    16.084287     3.82249     0.79704 
    16.138668     4.60791     0.96081 
    16.185669     5.05070     1.05314 
    16.235882     4.05156     0.84481 
    16.288192     4.58903     0.95688 
    16.341968     3.99009     0.81447 
    16.394427     4.81847     1.00472 
    16.436639     5.84767     1.21932 
    16.482062     4.20948     0.87774 
    16.528918     5.40786     1.12762 
    16.568788     5.69586     1.18767 
    16.610970     4.83524     1.00822 
    16.657035     4.72052     0.98430 
    16.698831     5.91874     1.23414 
    16.733160     6.91794     1.44249 
    16.770853     4.98759     1.03998 
    16.810352     6.17995     1.28861 
    16.852779     4.37759     0.91279 
    16.904958     3.95576     0.82483 
    16.955214     4.71670     0.98350 
    16.993606     6.94641     1.44843 
    17.028565     5.52493     1.15203 
    17.073212     4.25526     0.88728 
    17.120504     4.83762     1.00871 
    17.163355     5.13852     1.07146 
    17.207068     4.63283     0.96601 
    17.248675     5.69025     1.18650 
    17.281247     7.60679     1.58613 
    17.316233     5.01817     1.04636 
    17.353916     6.34593     1.32322 
    17.400172     3.54921     0.74006 
    17.453744     4.38125     0.91355 
    17.496904     5.44104     1.13453 
    17.531371     6.84963     1.42825 
    17.567981     4.87562     1.01664 
    17.614550     4.12320     0.85975 
    17.657325     5.89831     1.22988 
    17.690049     7.12569     1.45453 
    17.721182     6.46267     1.34756 
    17.752859     6.56846     1.36962 
    17.785433     6.09721     1.27136 
    17.826976     4.16249     0.86794 
    17.871376     5.18976     1.08214 
    17.915026     4.27180     0.89073 
    17.949852     9.34618     1.94881 
    17.979836     5.33676     1.11279 
    18.020296     4.74952     0.99034 
    18.063686     4.60447     0.96010 
    18.100695     6.73964     1.40531 
    18.131034     6.58246     1.37254 
    18.162354     6.30474     1.31463 
    18.205772     3.66440     0.76408 
    18.250709     5.73011     1.19481 
    18.288809     4.85836     1.01304 
    18.325939     6.04161     1.25976 
    18.363720     4.69033     0.97800 
    18.403972     5.23351     1.09126 
    18.441959     5.22769     1.09005 
    18.481292     4.86713     1.01487 
    18.521501     4.97536     1.03743 
    18.563040     4.54853     0.94843 
    18.602437     5.55227     1.15773 
    18.643039     4.29067     0.89467 
    18.688700     4.29906     0.89642 
    18.728077     5.88865     1.22787 
    18.766833     4.40120     0.91771 
    18.811916     4.24414     0.88496 
    18.849133     6.79372     1.41659 
    18.889114     3.77203     0.78652 
    18.936777     4.58956     0.93684 
    18.982206     4.11100     0.85720 
    19.018742     7.35641     1.53392 
    19.052873     4.56395     0.95165 
    19.086301     7.74589     1.61513 
    19.125153     3.61521     0.75382 
    19.174373     4.19612     0.87495 
    19.216003     5.04424     1.05180 
    19.252701     5.33633     1.11270 
    19.290347     4.78441     0.99762 
    19.327199     5.56374     1.16012 
    19.367029     4.14333     0.86394 
    19.410241     4.62166     0.96368 
    19.445953     6.14772     1.28189 
    19.480688     4.83690     1.00856 
    19.523965     3.93018     0.81950 
    19.563012     6.15729     1.28388 
    19.600821     4.12920     0.86100 
    19.644896     4.34132     0.90523 
    19.683677     5.36854     1.11942 
    19.724110     4.01477     0.83714 
    19.767080     4.66305     0.97231 
    19.805055     5.10071     1.06357 
    19.839041     5.81395     1.21229 
    19.877691     4.04170     0.84275 
    19.918580     5.07461     1.05813 
    19.960416     3.86441     0.80579 
    19.996722     7.27683     1.51732 
    20.028975     4.64466     0.96848 
    20.069294     4.41771     0.92116 
    20.106663     5.44255     1.13485 
    20.145263     4.15326     0.86601 
    20.185379     5.18714     1.05882 
    20.225823     4.07559     0.84982 
    20.259498     7.87528     1.64211 
    20.288620     5.11114     1.06575 
    20.321214     6.02701     1.25672 
    20.352196     5.60754     1.16925 
    20.383155     6.01754     1.25474 
    20.422204     3.71458     0.77454 
    20.463540     5.19762     1.08378 
    20.502715     4.06380     0.84736 
    20.541456     5.31200     1.10763 
    20.574175     5.57884     1.16327 
    20.608307     4.88380     1.01834 
    20.651778     3.50490     0.73082 
    20.698709     4.08530     0.85184 
    20.739983     4.49569     0.93742 
    20.775940     5.39561     1.12506 
    20.811743     4.51564     0.94158 
    20.851598     4.30713     0.89810 
    20.887756     5.55345     1.15797 
    20.914159     8.23745     1.71763 
    20.938772     6.24847     1.30290 
    20.970468     4.92898     1.02776 
    21.002088     6.26387     1.30611 
    21.034596     4.67942     0.97573 
    21.071617     4.71388     0.98291 
    21.102931     6.72971     1.40324 
    21.136507     4.18568     0.87278 
    21.177832     4.18779     0.87322 
    21.224028     3.37411     0.70355 
    21.261462     7.24857     1.51143 
    21.294185     4.12307     0.85972 
    21.329206     6.31713     1.28948 
    21.360610     4.97307     1.03696 
    21.394388     5.16967     1.07795 
    21.426788     5.38874     1.12363 
    21.457912     5.58516     1.16459 
    21.489361     5.26479     1.09779 
    21.522272     5.08241     1.05976 
    21.555254     5.22545     1.08958 
    21.587787     5.20666     1.08566 
    21.619614     5.44651     1.13568 
    21.651538     5.16052     1.07604 
    21.687860     4.23203     0.88244 
    21.723951     5.21696     1.08781 
    21.761001     4.02426     0.83912 
    21.803541     3.87928     0.80888 
    21.844405     4.35811     0.90873 
    21.877715     5.93994     1.23856 
    21.912438     4.04714     0.84389 
    21.946917     6.02572     1.25645 
    21.980844     4.14528     0.86435 
    22.017326     5.07026     1.05722 
    22.054123     4.06799     0.84823 
    22.099996     3.25136     0.67795 
    22.142191     4.94273     1.03063 
    22.176697     4.64118     0.96775 
    22.209913     5.33966     1.11340 
    22.238672     6.17632     1.28785 
    22.267357     5.35141     1.11585 
    22.306699     3.42120     0.71337 
    22.347683     4.81757     1.00453 
    22.380649     5.12201     1.06801 
    22.420993     3.34876     0.69826 
    22.457189     7.19545     1.46877 
    22.490644     3.76122     0.78427 
    22.527524     5.32992     1.11137 
    22.554252     7.06617     1.47340 
    22.582069     4.96252     1.03476 
    22.614027     5.17971     1.08004 
    22.645888     4.97800     1.03799 
    22.677349     5.30123     1.10538 
    22.707067     5.56138     1.15963 
    22.744025     3.58233     0.74697 
    22.776903     7.71566     1.60883 
    22.805195     4.48946     0.93612 
    22.843032     4.01411     0.83700 
    22.876312     6.00702     1.25255 
    22.908248     4.29152     0.89484 
    22.940867     5.69825     1.18817 
    22.978360     3.39056     0.70698 
    23.017210     5.17794     1.07968 
    23.047124     5.45522     1.13749 
    23.074284     6.29424     1.31244 
    23.099561     6.25154     1.30354 
    23.122693     7.56919     1.57829 
    23.149728     4.76933     0.99447 
    23.181099     5.33685     1.11281 
    23.211520     5.04607     1.05218 
    23.241025     5.67444     1.18320 
    23.267026     6.48901     1.35305 
    23.288898     8.06110     1.68086 
    23.309472     7.25402     1.51257 
    23.336147     4.94828     1.03179 
    23.366111     5.54982     1.15722 
    23.400782     3.80484     0.79336 
    23.435487     5.76002     1.17576 
    23.466173     4.71632     0.98342 
    23.500784     4.30915     0.89852 
    23.531098     6.35408     1.32492 
    23.555249     6.52429     1.36041 
    23.579259     6.41472     1.33756 
    23.607839     4.70460     0.98098 
    23.634950     7.28386     1.51879 
    23.656279     7.23286     1.50816 
    23.679443     6.19997     1.29278 
    23.703945     6.41583     1.33779 
    23.730627     5.26568     1.09797 
    23.761345     4.79309     0.99943 
    23.787701     7.48066     1.55982 
    23.812240     5.39264     1.12444 
    23.837282     7.11681     1.48396 
    23.860867     5.99419     1.24987 
    23.890049     4.67582     0.97498 
    23.917610     6.84748     1.42780 
    23.947328     4.12184     0.85946 
    23.982191     4.67610     0.97504 
    24.011750     5.75799     1.20062 
    24.043158     4.18972     0.87362 
    24.073940     6.02771     1.25686 
    24.100606     5.40410     1.12683 
    24.125163     7.22232     1.50596 
    24.143654     9.49215     1.97925 
    24.166948     4.94766     1.03166 
    24.196500     5.31002     1.10722 
    24.225437     5.14256     1.07230 
    24.250942     6.97963     1.45535 
    24.276886     4.98252     1.03893 
    24.307319     5.13476     1.04813 
    24.337001     5.22989     1.09051 
    24.361903     7.14059     1.48892 
    24.386592     5.29717     1.10454 
    24.418269     4.28114     0.89268 
    24.449281     5.54366     1.15593 
    24.475575     5.84673     1.21913 
    24.499847     6.50664     1.35673 
    24.520498     8.14037     1.69738 
    24.541037     6.55950     1.36775 
    24.567972     4.78608     0.99797 
    24.598007     5.14245     1.07228 
    24.622548     7.38080     1.53900 
    24.647354     5.03974     1.05086 
    24.681008     3.91971     0.81732 
    24.713245     5.56080     1.15951 
    24.741609     4.91666     1.02519 
    24.770528     5.32622     1.11059 
    24.797278     5.73176     1.19515 
    24.824563     5.11737     1.06705 
    24.849824     6.78633     1.41505 
    24.873624     5.68338     1.18507 
    24.898831     5.99602     1.25026 
    24.926441     4.78329     0.99738 
    24.951594     7.48333     1.56038 
    24.976302     4.91646     1.02515 
    24.999948     8.37525     1.74636 
    25.020719     6.08113     1.26800 
    25.051274     3.94366     0.82231 
    25.083712     5.24504     1.09367 
    25.112894     4.77295     0.99523 
    25.138994     6.72236     1.40171 
    25.164674     5.11107     1.04329 
    25.191737     5.94799     1.24024 
    25.222781     3.85396     0.80361 
    25.254669     5.54966     1.15718 
    25.280591     5.62830     1.17358 
    25.306823     5.40989     1.12804 
    25.331439     6.42436     1.33957 
    25.356545     5.20819     1.08598 
    25.383791     5.38616     1.12309 
    25.407122     7.24426     1.51053 
    25.434046     4.23805     0.88369 
    25.461974     6.56592     1.36909 
    25.482451     7.53778     1.57173 
    25.508340     4.38566     0.91447 
    25.537475     5.61026     1.16982 
    25.566457     4.41720     0.92105 
    25.589745    10.10087     2.10618 
    25.607953     6.42331     1.33935 
    25.632366     5.37465     1.12069 
    25.661123     4.61019     0.96129 
    25.695248     3.81838     0.79619 
    25.728153     4.99243     1.04099 
    25.757913     4.58102     0.95521 
    25.786839     5.29115     1.10328 
    25.816654     4.32275     0.90136 
    25.846937     5.10067     1.06356 
    25.870545     7.27495     1.51693 
    25.902418     3.19028     0.66522 
    25.938451     5.08242     1.05976 
    25.960482     8.65281     1.80424 
    25.979412     6.53422     1.36248 
    26.010601     3.44816     0.71899 
    26.040545     7.69053     1.56982 
    26.064614     4.83183     1.00751 
    26.089495     6.77946     1.41361 
    26.111488     6.01955     1.25516 
    26.138486     4.56056     0.95094 
    26.166927     5.34488     1.11448 
    26.194952     4.67721     0.97527 
    26.219896     6.97689     1.45478 
    26.247700     3.91779     0.81692 
    26.280322     4.69826     0.97966 
    26.308505     5.20732     1.08580 
    26.338660     4.13778     0.86279 
    26.369064     5.09976     1.06337 
    26.392351     7.16678     1.49438 
    26.414267     5.66145     1.18049 
    26.438032     6.00643     1.25243 
    26.460976     6.05773     1.26312 
    26.487440     4.59264     0.95763 
    26.515131     5.45892     1.13826 
    26.538705     6.31033     1.31579 
    26.559606     6.91075     1.44099 
    26.581419     5.81472     1.21245 
    26.604428     6.16040     1.28453 
    26.628306     5.40787     1.12762 
    26.649348     8.24303     1.71879 
    26.675526     3.84469     0.80167 
    26.707626     4.80778     1.00249 
    26.738183     4.19862     0.87547 
    26.767396     5.29704     1.10451 
    26.791198     6.27111     1.30762 
    26.809881     8.76432     1.82749 
    26.829607     5.71506     1.19167 
    26.852381     6.28976     1.31151 
