#  rad density density_err 
     0.003663 35913.23877  4021.63703 
     0.005331 29871.33091  6352.79051 
     0.005996 35257.74829  1468.22735 
     0.007326 37261.00573  5767.96818 
     0.008992 35913.23877  4532.28082 
     0.011012 29597.46890  3314.38436 
     0.012327 35583.98422  7049.75759 
     0.013485 30992.35464   859.02800 
     0.014992 31860.64569  4020.84018 
     0.016514 29057.25421   402.06272 
     0.018317 33056.32524  9466.75469 
     0.020177 26500.53080   734.52625 
     0.022483 28790.85571  5286.56109 
     0.024652 26500.53080  3344.38919 
     0.027469 24845.89085  2782.29305 
     0.030189 23947.19072  3022.15553 
     0.033485 26745.73720 10084.51258 
     0.036800 20665.91187  1149.31204 
     0.041006 23080.99745  7649.03064 
     0.044962 16567.40820  1386.67432 
     0.049986 20857.13119  7864.20656 
     0.054809 13039.30887  3347.28093 
     0.055062 14297.31787  1398.49383 
     0.061214 19197.93748  9334.75323 
     0.066965 10075.22081  4265.57228 
     0.067120 11461.84610  2437.61175 
     0.074619 13528.65348  2288.78930 
     0.082007  8775.15049  3443.50531 
     0.082196  9533.54834  2447.32791 
     0.091379 10262.53315   284.45091 
     0.092013 10550.05134   586.72954 
     0.095027  9446.14424   790.63215 
     0.100196  8938.29271   874.30015 
     0.100427  9533.54834   131.91488 
     0.108855  8856.34595   122.54449 
     0.110369  9710.79023  1783.08996 
     0.111647  8856.34595   492.53597 
     0.122419  8614.98594  1210.17099 
     0.122701  9621.76117  3043.60373 
     0.129077  9188.71059  2906.61900 
     0.136097  7784.92751  1093.57038 
     0.136411  8856.34595  3203.88318 
     0.146841  8151.81984  2824.96819 
     0.149571  7713.55487  2209.02750 
     0.149916  8227.24770  3228.49975 
     0.162873  6357.03457   711.87357 
     0.165519  7099.93827  2245.88807 
     0.166667  7099.93827  2352.91588 
     0.176949  5536.74565   230.56496 
     0.182746  6357.03457  2106.71797 
     0.183168  6070.92088  1558.44745 
     0.184013  5691.86476   881.09524 
     0.190480  4866.92409   134.89856 
     0.202231  4397.99340   306.24220 
     0.203633  4011.01765   853.03045 
     0.204103  4438.68753   184.83887 
     0.217194  4048.13114   281.88050 
     0.220724  4011.01765   223.06835 
     0.223279  3429.68768   931.20141 
     0.223794  4647.87643   853.44051 
     0.238698  3937.80833   274.19847 
     0.244821  3493.45033   243.25682 
     0.248799  3658.09157   101.39285 
     0.257542  3658.09157   306.17835 
     0.272803  3186.06457    88.30948 
     0.273432  3215.54486    89.12660 
     0.275962  3215.54486    89.12660 
     0.285660  2826.53634   316.52125 
     0.294340  2826.53634   117.70457 
     0.303983  2625.75725   219.77307 
     0.326474  2394.71907   200.43542 
     0.331016  2416.87713   100.64526 
     0.333310  2224.61352   344.36805 
     0.334079  2329.45633   194.97300 
     0.367154  2047.64456   142.58211 
     0.371406  2224.61352   186.19777 
     0.386232  2085.71312   145.23291 
     0.407238  1884.75356    52.24050 
     0.408177  2047.64456   346.42228 
     0.441417  1937.55738   497.38440 
     0.448589  1596.81489    44.25958 
     0.453784  1497.11297   104.24735 
     0.489608  1456.31249    80.99122 
     0.496419  1833.38880   862.42421 
     0.497564  1850.35293   899.71061 
     0.498711  2286.93896  2004.33101 
     0.530700  1469.78758   399.06499 
     0.551885  1582.17520   794.50397 
     0.554433  1442.96093   522.00741 
     0.606525  1245.24433   450.48120 
     0.607923  1442.96093   888.96515 
     0.609325  1200.20263   397.74653 
     0.612137  1156.79013   314.08242 
     0.661986   723.19360   174.98829 
     0.677406   764.28366    74.75850 
     0.717544   624.10056   151.01114 
     0.734258   618.37877   122.51075 
     0.744473   647.52207    63.33745 
     0.827654   469.08827   134.33869 
     0.856739   412.33915   161.80829 
     0.909596   397.42444   102.02161 
     0.979149   301.47727   141.81460 
     0.992770   267.45737   164.77250 
     1.011227   362.45540    20.15756 
     1.101156   277.49462    54.97613 
     1.111345   362.45540    82.38179 
     1.158374   232.94563    73.68653 
     1.224190   285.26900    56.51636 
     1.238365   282.65363    60.11246 
     1.323880   214.41471     5.94302 
     1.345392   277.49462   139.34650 
     1.468415   199.18406    57.04284 
     1.488842   152.49464    10.61855 
     1.513034   239.47191   175.92128 
     1.655193    98.91327    34.27785 
     1.659009   195.54854   150.45788 
     1.713360   126.83952    23.29020 
     1.819067    80.77084    23.13136 
     2.026977   113.56763    85.39889 
     2.306131    13.51205     2.13644 
     2.503347    13.04111     2.08825 
     2.675656    15.01616     2.40451 
     2.890841     7.78287     1.24626 
     3.117357    11.23967     1.79979 
     3.317941     8.35093     1.33722 
     3.511174    10.88217     1.74254 
     3.678927     9.74937     1.56115 
     3.866187     8.17335     1.29232 
     4.046219     9.67236     1.54882 
     4.204319     9.36766     1.50003 
     4.341386    12.26900     1.96461 
     4.474275     9.29525     1.48843 
     4.610369    10.95074     1.75352 
     4.741610     9.38137     1.50222 
     4.867442    11.37312     1.82116 
     4.997069     8.65895     1.36910 
     5.127794    10.58839     1.69550 
     5.233771    12.14712     1.94510 
     5.351719     8.38853     1.34324 
     5.469104    11.76008     1.88312 
     5.576876     9.34987     1.49718 
     5.686069    10.98793     1.75948 
     5.775934    13.36919     2.14078 
     5.859122    12.63495     1.99776 
     5.948254    11.30956     1.81098 
     6.044242    10.29933     1.64921 
     6.133733    12.76556     2.04413 
     6.218820    10.98002     1.75821 
     6.307198    11.46247     1.83546 
     6.390666    11.97913     1.91820 
     6.487559     8.48903     1.35933 
     6.578023    14.18596     2.24300 
     6.657647    10.24230     1.64008 
     6.748481    10.14736     1.62488 
     6.842212     9.36951     1.50032 
     6.932248    10.75534     1.72223 
     7.015894    10.52704     1.68568 
     7.098669    10.72777     1.71782 
     7.208339     6.24744     1.00039 
     7.318141    10.63818     1.68204 
     7.403582     9.40845     1.50656 
     7.489969     9.90518     1.58610 
     7.562032    13.57606     2.17391 
     7.633903     9.76320     1.56336 
     7.709579    11.82742     1.89390 
     7.774559    12.90029     2.06570 
     7.836914    12.60756     2.01883 
     7.896145    14.49016     2.29110 
     7.955412    12.40558     1.98648 
     8.023165    10.65424     1.70604 
     8.098820     9.73893     1.55948 
     8.177953     9.53861     1.52740 
     8.259610     8.97378     1.43695 
     8.327185    14.50040     2.32192 
     8.384197    11.82247     1.89311 
     8.451538    10.45303     1.65277 
     8.524425     9.87832     1.58180 
     8.590907    12.19364     1.95255 
     8.666929     7.71818     1.23590 
     8.743050    11.94174     1.91221 
     8.799498    13.19783     2.11334 
     8.859969    10.37969     1.66208 
     8.926402    10.63714     1.70330 
     8.988577    12.00840     1.89870 
     9.046763    11.95483     1.91431 
     9.107446    10.65316     1.70587 
     9.169532    11.24528     1.80069 
     9.222030    15.02328     2.40565 
     9.269183    13.52725     2.16609 
     9.319552    12.99944     2.08158 
     9.371331    12.65874     2.02702 
     9.428663    10.83061     1.71247 
     9.486275    12.37286     1.98124 
     9.536846    13.48668     2.15960 
     9.586501    12.68292     2.03089 
     9.634877    14.09671     2.25728 
     9.688907    10.27317     1.64502 
     9.745109    12.72773     2.03807 
     9.798581    11.13279     1.78267 
     9.861620     9.33183     1.47549 
     9.925113    10.81819     1.73230 
     9.981764    11.20571     1.79435 
    10.042291     9.42778     1.50965 
    10.099707    12.47310     1.99729 
    10.153361    10.53392     1.68678 
    10.206497    12.60708     2.01875 
    10.255601    12.11222     1.93951 
    10.304575    12.87638     2.03593 
    10.359681     9.62763     1.54165 
    10.417742    11.05633     1.77043 
    10.470943    11.28831     1.80758 
    10.519925    12.98207     2.07880 
    10.575013     9.06812     1.45206 
    10.633992    10.96528     1.75585 
    10.686024    11.42675     1.82974 
    10.733649    13.35318     2.11132 
    10.782219    10.91876     1.74840 
    10.834607    11.00631     1.76242 
    10.889126    10.00257     1.60169 
    10.946537     9.80434     1.56995 
    11.002505    10.42788     1.66980 
    11.057307    10.11356     1.61947 
    11.118731     8.28972     1.32742 
    11.185751     8.53315     1.34921 
    11.240707    12.77736     2.04602 
    11.291186     9.52063     1.52452 
    11.349336     9.33933     1.49549 
    11.399915    12.78190     2.04674 
    11.451320     9.00200     1.44147 
    11.506193    10.89067     1.74390 
    11.565351     8.00282     1.26536 
    11.622439    11.76505     1.88392 
    11.679287     7.78096     1.24595 
    11.733792    12.99472     2.08082 
    11.780561     9.97327     1.59700 
    11.833928     9.73057     1.55814 
    11.885941    10.41904     1.66838 
    11.934046    11.28481     1.80702 
    11.987370     8.76966     1.38660 
    12.036222    13.88299     2.22306 
    12.083277     9.01773     1.44399 
    12.137669     9.86882     1.58028 
    12.186258    11.22884     1.79805 
    12.235440     9.57123     1.53262 
    12.291353     8.58478     1.37466 
    12.337971    14.61944     2.34098 
    12.381004     9.95470     1.57398 
    12.431084    10.29359     1.64829 
    12.477717    11.11397     1.77966 
    12.527219     9.13441     1.46268 
    12.583212     8.54279     1.36794 
    12.636299    10.14205     1.62403 
    12.684821    10.06611     1.61187 
    12.730994    11.14811     1.78513 
    12.778357     9.77037     1.54483 
    12.835722     7.58683     1.21487 
    12.891643    10.00910     1.60274 
    12.935305    12.23472     1.95912 
    12.985252     7.87849     1.26157 
    13.044418     8.25242     1.32145 
    13.090466    13.77018     2.20499 
    13.137028     8.05059     1.28913 
    13.189388    10.48594     1.65797 
    13.232794    11.50194     1.84178 
    13.276987     9.82041     1.57252 
    13.321800    11.08807     1.77551 
    13.369022     8.85661     1.41819 
    13.420627     9.10655     1.45821 
    13.471765     8.94841     1.43289 
    13.513431    14.42499     2.30985 
    13.567110     6.21374     0.98248 
    13.626891    10.34151     1.65597 
    13.669921    10.80745     1.73058 
    13.713843     9.87612     1.58145 
    13.757618    10.81401     1.73163 
    13.809921     7.14732     1.14449 
    13.863557    10.08699     1.61521 
    13.910195     9.12699     1.46149 
    13.961585     8.46124     1.33784 
    14.008889    10.88186     1.74249 
    14.045692    13.43722     2.15168 
    14.078744    13.27234     2.12527 
    14.118550     9.47650     1.51745 
    14.162104    10.76444     1.72369 
    14.208917     8.25637     1.32208 
    14.259907     8.87052     1.42042 
    14.305168    10.73600     1.69751 
    14.346830    10.33228     1.65449 
    14.386573    11.47059     1.83676 
    14.428301     9.38431     1.50269 
    14.473979     9.42236     1.50878 
    14.516571    10.77841     1.72593 
    14.560165     8.97139     1.43657 
    14.605240     9.96858     1.59625 
    14.645948    11.20817     1.77217 
    14.678714    15.80736     2.53120 
    14.714134     9.56768     1.53205 
    14.761222     8.39569     1.34439 
    14.802572    12.85644     2.05868 
    14.837160    11.44281     1.83232 
    14.877117     9.62330     1.54096 
    14.922574     8.74609     1.40050 
    14.969600     9.14685     1.44624 
    15.012948    10.28463     1.64686 
    15.056723     8.70617     1.39410 
    15.096817    12.52110     2.00498 
    15.135839     9.07116     1.45255 
    15.175873    11.73304     1.87879 
    15.214282     9.72323     1.55696 
    15.254756    10.43611     1.67112 
    15.292613    11.33551     1.79230 
    15.329318    11.03703     1.76734 
    15.369199     9.37599     1.50136 
    15.409597    10.67833     1.70990 
    15.449613     9.49525     1.52046 
    15.488851    11.08149     1.77446 
    15.524312    11.50278     1.84192 
    15.561380    10.12989     1.62208 
    15.593252    16.75418     2.64907 
    15.623179    11.19538     1.79269 
    15.662083     9.36491     1.49959 
    15.701895    10.59625     1.69676 
    15.741519     9.40138     1.50543 
    15.780776    10.75486     1.72216 
    15.822993     8.19607     1.31242 
    15.867064     9.71190     1.55515 
    15.903851    12.02243     1.90091 
    15.941670     9.19566     1.47248 
    15.978734    12.22041     1.95683 
    16.012859    10.63130     1.70237 
    16.049401    10.55991     1.69094 
    16.084058    11.80532     1.89036 
    16.119895     9.87748     1.58166 
    16.161901     8.52898     1.36573 
    16.203242    10.43446     1.64983 
    16.246188     7.92053     1.26830 
    16.295372     7.59802     1.21666 
    16.336171    12.07527     1.93359 
    16.371596     9.62662     1.54149 
    16.412621     8.86397     1.41937 
    16.453167     9.81789     1.57212 
    16.487910    12.11982     1.94072 
