#  rad density density_err 
     0.003663   750.43963   105.41634 
     0.005996   800.41600    33.33147 
     0.007326   771.46417    75.46086 
     0.008992   750.43963   105.41634 
     0.011012   778.60244    65.16819 
     0.013485   750.43963   105.41634 
     0.016514   743.55956   104.44988 
     0.020177   757.38336    95.58241 
     0.024652   757.38336    84.81332 
     0.030189   785.80676    54.71750 
     0.036800   800.41600    22.18546 
     0.044962   861.61998    72.11667 
     0.055062   936.08602   212.76120 
     0.067120   980.20239   295.35438 
     0.081442   807.82215    33.63988 
     0.082196   944.74752   270.55920 
     0.100427   919.00052   263.18571 
     0.108855   793.07774    66.37976 
     0.122701   877.63869   277.61907 
     0.136097   757.38336   106.39174 
     0.149916   729.98806   123.50001 
     0.162873   653.60559    45.51203 
     0.183168   491.26493   111.65866 
     0.190480   553.75258     7.66223 
     0.217194   473.49539    26.33293 
     0.223794   464.85313    12.88453 
     0.244821   416.21311    17.33223 
     0.272175   355.88998    24.78142 
     0.273432   420.06429    83.22147 
     0.299122   296.01639    41.58224 
     0.326474   257.81950    36.21662 
     0.334079   241.72177    44.38482 
     0.353060   210.53086    50.94132 
     0.380933   180.01793    51.55399 
     0.408177   162.67311    36.97366 
     0.435360   152.51612    21.42436 
     0.489608   132.83599     1.83804 
     0.498711   135.30560    15.15179 
     0.571280    97.12158     5.40131 
     0.609325    78.58068     2.17805 
     0.652903    69.71332     2.90305 
     0.734258    55.37526     6.98840 
     0.744473    55.88764    11.07224 
     0.816298    42.78739     6.01046 
     0.897116    35.26272     7.49939 
     0.909596    29.33025     0.40584 
     0.979149    27.49893     5.04934 
     1.061326    20.86007     1.74597 
     1.185356    12.68574     2.88332 
     1.224190    14.83596     2.08405 
     1.357840    10.55154     0.58681 
     1.662833     3.86648     2.70749 
     2.902701     0.26087     0.08250 
     4.644720     0.24790     0.07839 
     5.809609     0.28912     0.09143 
     6.653923     0.32275     0.10206 
     7.712527     0.16495     0.04974 
     8.783536     0.23658     0.07481 
     9.470930     0.27599     0.08728 
    10.275418     0.15487     0.04898 
    11.340925     0.12409     0.03924 
    12.126112     0.29867     0.09445 
    13.016860     0.10022     0.03022 
    13.982647     0.19307     0.06105 
    14.464799     0.29359     0.09284 
    15.035927     0.13792     0.04361 
    15.706481     0.17665     0.05586 
    16.179892     0.26357     0.08335 
    16.654025     0.16618     0.05255 
    17.095514     0.33259     0.10028 
    17.395934     0.31233     0.09877 
    17.801013     0.17286     0.05466 
    18.251963     0.22669     0.07168 
    18.636504     0.22216     0.07025 
    18.978936     0.27911     0.08826 
    19.386403     0.17553     0.05292 
    19.810862     0.24022     0.07596 
    20.159713     0.21732     0.06872 
    20.592120     0.15410     0.04873 
    21.025011     0.20783     0.06572 
    21.396505     0.19639     0.06210 
    21.714146     0.28572     0.09035 
    21.964559     0.32627     0.09837 
    22.380582     0.12099     0.03826 
    22.943117     0.12910     0.04083 
    23.369951     0.21527     0.06808 
    23.821380     0.11391     0.03602 
    24.239223     0.26351     0.08333 
    24.587168     0.15940     0.04806 
    24.950152     0.22843     0.07224 
    25.279780     0.16568     0.05239 
    25.714515     0.12645     0.03999 
    26.350642     0.07716     0.02440 
    26.857570     0.25645     0.08110 
    27.137910     0.17793     0.05627 
