#  rad density density_err 
     0.007326 128598.47568 34916.03123 
     0.014992 149017.00166  4130.36631 
     0.018317 121684.65659 40326.23239 
     0.022483 156039.95658 10865.41405 
     0.027469 134659.13513 18915.94259 
     0.033485 149017.00166  4130.36631 
     0.036970 151787.43456 12704.44564 
     0.041006 151787.43456 14847.10579 
     0.049986 153191.90640 23713.96114 
     0.054935 147650.80558 18633.65536 
     0.061214 151787.43456 32280.91095 
     0.073426 141005.42465 25891.33854 
     0.074619 143626.91121 32644.68521 
     0.091379 132201.32892 30047.78652 
     0.092013 132201.32892 31988.23132 
     0.110369 120569.04495 30950.90921 
     0.111647 115142.54403 22811.58341 
     0.129077 107953.27466 26121.02579 
     0.136411 106963.55309 30632.49499 
     0.146841 94893.35920 18799.89535 
     0.165519 84185.21411 14242.52734 
     0.166667 81890.93331 11503.44677 
     0.184013 74685.41883 11561.23167 
     0.202231 66257.61832  7419.66196 
     0.203633 59873.66193   828.46669 
     0.220724 59324.73690  5802.85613 
     0.238698 52630.29700  2926.97629 
     0.248799 49344.16688  2054.82366 
     0.257542 47559.34019  1980.49868 
     0.275962 42582.95747  1180.28957 
     0.294340 38836.11879   537.37202 
     0.303983 35418.96129  1969.78671 
     0.331016 32302.47662   446.96658 
     0.371406 27620.77250   382.18624 
     0.386232 25190.44391  1048.99775 
     0.441417 18588.13512  3413.14315 
     0.453784 16490.57583  4722.61314 
     0.496419 15178.74346  3007.15235 
     0.551885 13342.45728  1305.09403 
     0.554433 12741.94778  1972.44137 
     0.606525 11408.69108   954.89522 
     0.661986  8979.16228  1778.91596 
     0.677406  9062.24545  1014.80855 
     0.717544  7198.39743  2169.01962 
     0.827654  7132.40213   798.70080 
     1.011227  6098.67964  3356.96190 
     1.238365  4500.24151  3621.06541 
     1.323880  2234.78538   250.25578 
     1.488842  1574.83777   357.94186 
     1.513034  2736.75437  2010.47935 
     1.655193  1297.88383   163.79403 
     1.819067  1099.60276    45.79041 
     1.985403   753.76474   215.86507 
     2.316588   479.99401   180.98232 
    16.198879    22.80911     1.23700 
    16.337483    25.40603     1.37581 
    16.468322    25.09763     1.36111 
    16.598228    25.29421     1.37177 
    16.730169    23.95991     1.29941 
    16.862672    24.68272     1.33861 
    16.989089    25.93238     1.40638 
    17.114834    24.64581     1.33465 
    17.246345    23.35300     1.26649 
    17.378180    24.07952     1.30590 
    17.511423    22.52772     1.22174 
    17.638869    26.05973     1.41329 
    17.763411    23.19000     1.25765 
    17.889918    24.93736     1.35043 
    18.009498    25.56964     1.38671 
    18.130728    23.88630     1.29542 
    18.254714    24.09586     1.30678 
    18.380171    23.01989     1.24843 
    18.500161    26.17215     1.41730 
    18.612641    25.75790     1.39692 
    18.724705    25.97473     1.40868 
    18.840852    23.72950     1.28691 
    18.955233    26.49979     1.43715 
    19.068281    23.97479     1.30022 
    19.183812    25.10369     1.35944 
    19.299350    23.68482     1.28449 
    19.414570    24.87310     1.34893 
    19.534254    21.75891     1.18004 
    19.652868    25.04998     1.35853 
    19.761073    25.78927     1.39657 
    19.866430    26.13577     1.41741 
    19.973097    24.82937     1.34656 
    20.082652    24.49664     1.32852 
    20.194984    23.36723     1.26727 
    20.310760    22.79407     1.23618 
    20.425526    23.58706     1.27731 
    20.537419    23.70810     1.28575 
    20.645884    24.77445     1.34358 
    20.749910    25.50303     1.38310 
    20.853677    24.64786     1.33672 
    20.960914    23.64175     1.28215 
    21.069919    23.67173     1.28190 
    21.178573    23.55000     1.27718 
    21.288852    22.68251     1.23013 
    21.395865    24.80388     1.34518 
    21.498315    24.45296     1.32615 
    21.601353    24.35918     1.31912 
    21.702646    25.07261     1.35975 
    21.803605    24.21935     1.31348 
    21.908429    23.04590     1.24984 
    22.013064    24.07774     1.30580 
    22.114184    24.43409     1.32512 
    22.213770    24.67204     1.33607 
    22.313612    24.09244     1.30660 
    22.415328    23.48927     1.27388 
    22.514595    25.09835     1.36115 
    22.612003    24.15945     1.31023 
    22.716232    21.77369     1.18084 
    22.822570    23.02615     1.24694 
    22.923813    23.79318     1.29037 
    23.024115    23.17929     1.25707 
    23.128172    21.92405     1.18900 
    23.236348    21.24128     1.15197 
    23.341341    23.17049     1.25475 
    23.441688    23.00465     1.24760 
    23.541670    23.07351     1.25134 
    23.636398    25.48429     1.38208 
    23.731064    22.91745     1.24287 
    23.825501    25.41201     1.37816 
    23.920259    22.65672     1.22693 
    24.018742    23.26841     1.26191 
    24.112032    25.00304     1.35598 
    24.202905    24.30526     1.31814 
    24.291436    26.18494     1.42008 
    24.380334    24.00757     1.30008 
    24.471880    24.46904     1.32702 
    24.566641    22.21485     1.20477 
    24.661960    23.98398     1.30071 
    24.753995    23.61111     1.28049 
    24.841529    26.40885     1.43222 
    24.925802    25.30008     1.37008 
    25.014962    23.44670     1.27158 
    25.106470    23.74901     1.28797 
    25.191492    27.09098     1.46921 
    25.273344    25.36474     1.37560 
    25.362410    22.76543     1.23463 
    25.454818    23.40475     1.26744 
    25.544898    23.78475     1.28991 
    25.630987    25.40082     1.37755 
    25.715305    24.60578     1.33444 
    25.800495    24.71580     1.34040 
    25.889578    22.46657     1.21663 
    25.980388    23.58418     1.27903 
    26.063231    26.83454     1.45531 
    26.142553    25.46834     1.38121 
    26.222028    26.56749     1.44082 
    26.302703    24.58656     1.33339 
    26.385345    25.20492     1.36492 
    26.469794    23.41926     1.27009 
    26.554635    24.73375     1.34138 
    26.637213    24.54414     1.33109 
    26.718836    25.16540     1.36479 
    26.798520    25.67116     1.39017 
    26.878953    24.55789     1.33184 
    26.958420    26.08347     1.41458 
    27.041001    22.68697     1.23037 
    27.124978    25.01561     1.35666 
    27.205688    24.35360     1.32076 
    27.287004    24.56702     1.33038 
    27.368554    24.07082     1.30542 
    27.447301    26.16358     1.41892 
    27.525636    24.17540     1.31110 
    27.609054    22.91867     1.24294 
    27.691556    24.58508     1.33331 
    27.771884    24.07470     1.30372 
    27.850802    25.34366     1.37445 
    27.932421    22.37700     1.21356 
    28.015634    24.18862     1.31181 
    28.095002    24.41699     1.32420 
    28.174775    23.87959     1.29315 
    28.252153    25.85145     1.40199 
    28.327465    24.95967     1.35363 
    28.400081    27.73555     1.50417 
    28.470662    26.22861     1.42245 
    28.542705    26.47072     1.43558 
    28.615836    25.40905     1.37598 
    28.689331    26.07012     1.41385 
    28.762524    25.41182     1.37815 
    28.834322    26.97846     1.46311 
    28.902301    28.19847     1.52928 
    28.970207    26.90827     1.45931 
    29.042671    24.74698     1.34012 
    29.116500    25.76020     1.39704 
    29.187040    26.89486     1.45858 
    29.259517    24.32851     1.31940 
    29.333492    25.64556     1.39083 
    29.407759    24.09207     1.30466 
    29.480769    26.44113     1.43397 
    29.551116    25.69149     1.39332 
    29.623781    24.66636     1.33772 
    29.696823    25.29801     1.37198 
    29.768835    25.24778     1.36925 
    29.842513    24.13289     1.30687 
    29.916989    24.57745     1.33290 
    29.990227    24.75736     1.34266 
    30.062406    25.18313     1.36575 
    30.135718    23.89488     1.29588 
    30.207539    26.22984     1.42043 
    30.279614    23.62194     1.28108 
    30.353276    24.87498     1.34904 
    30.430083    21.70066     1.17688 
    30.506888    24.75104     1.34231 
    30.580279    23.55697     1.27756 
    30.653496    24.82550     1.34438 
    30.723320    25.77590     1.39789 
    30.797029    22.21732     1.20490 
    30.871073    25.40318     1.37768 
    30.940134    25.30262     1.37223 
    31.007047    26.97094     1.46270 
    31.077167    23.12023     1.25203 
    31.153753    22.37247     1.21332 
    31.229337    23.56547     1.27802 
    31.301013    24.75967     1.34278 
    31.367526    27.29426     1.48024 
    31.440232    20.99809     1.13711 
    31.516561    24.37084     1.32169 
    31.591857    21.37323     1.15913 
    31.670375    22.22033     1.20507 
    31.743480    24.59273     1.33373 
    31.817604    21.54708     1.16855 
    31.893471    23.37336     1.26574 
    31.965290    23.89875     1.29609 
    32.034902    24.69903     1.33949 
    32.104736    23.64721     1.28245 
    32.177406    22.70621     1.23142 
    32.250127    23.50702     1.27485 
