#  rad density density_err 
     0.005481 179996.40013 10010.30252 
     0.008667 173485.75459 16969.52952 
     0.013148 173485.75459 14520.57177 
     0.018024 179996.40013  4989.03520 
     0.022174 168757.78615 14124.84588 
     0.023059 134049.07436 58843.24751 
     0.029434 167210.60546  6963.09878 
     0.033562 171895.22763  4764.49163 
     0.038093 161162.43460  6711.23670 
     0.046116 128015.87218 38573.71610 
     0.047408 151099.77563  4188.09542 
     0.049756 153908.93019  2129.62457 
     0.054431 144299.16547  3999.60008 
     0.056474 124527.08426 28303.52217 
     0.065743 132820.10506  1837.82032 
     0.066046 134049.07436  1854.82546 
     0.069159 114620.90138 24376.63645 
     0.070933 126842.21561  3515.73853 
     0.082385 118922.44223  1645.51956 
     0.084304 117832.15473  1630.43335 
     0.087468 115681.47552  3206.39164 
     0.092225 102627.51649  8589.81317 
     0.098821 106478.96461  4434.07011 
     0.102766 103577.11721  5760.32785 
     0.103956 102627.51649  7146.18540 
     0.115305 93597.40746  5205.31723 
     0.120462 92739.30127  9071.30568 
     0.121297 91889.06224  8988.13944 
     0.122419 94463.45361 15981.40879 
     0.131780 82274.22867  5728.94007 
     0.137040 82274.22867 10383.07658 
     0.138627 72990.07660  3039.50286 
     0.139910 81519.93401 12619.20811 
     0.148200 72320.89956  4022.04757 
     0.153762 72320.89956  9126.95811 
     0.158434 72320.89956 12235.31235 
     0.161380 63571.69915   879.63611 
     0.164759 64753.58528  5419.80571 
     0.170157 65352.74282 10116.54232 
     0.176949 62411.38487  9661.22291 
     0.181488 57446.53248  4808.21322 
     0.184437 54358.04382  1506.66454 
     0.187003 57446.53248  8069.67392 
     0.195816 53859.68628  6797.13753 
     0.197628 50033.83816  2782.57707 
     0.199457 46053.62491  3206.81776 
     0.203633 50964.03666  6431.70412 
     0.214214 48224.06538  7465.03937 
     0.220216 46479.75385  7195.02161 
     0.230594 42001.40511  4108.37239 
     0.232728 42782.26953  6622.65456 
     0.236510 42001.40511  6501.77749 
     0.247086 37261.79905  3118.77266 
     0.251101 37606.57824  4745.98168 
     0.253425 37606.57824  5821.46248 
     0.263541 33671.60511  2344.62979 
     0.269680 33362.90197  3736.04516 
     0.276598 33057.02905  5117.19660 
     0.277875 29057.87287   805.40917 
     0.280446 29326.74206   812.86153 
     0.286318 29326.74206  1630.97462 
     0.288303 28791.46869  1198.95410 
     0.297063 26017.39553  1083.43424 
     0.303283 26258.13153   727.80757 
     0.307503 25542.52455   707.97279 
     0.313219 23510.60578  1307.51657 
     0.319778 24169.28592  1006.47399 
     0.322737 25778.86662  4361.29095 
     0.325723 23295.05925   645.67886 
     0.329495 22042.65074   305.00225 
     0.336394 22246.60888   926.40855 
     0.344230 20857.57527   288.60447 
     0.346616 20289.14843   562.36278 
     0.353060 20289.14843   562.36278 
     0.362952 18847.93691   260.79728 
     0.368849 20103.13640  2537.03266 
     0.369699 18503.92329   512.88095 
     0.379183 16875.77861   938.52793 
     0.381811 16875.77861   702.75275 
     0.386232 16567.76094   689.92607 
     0.396140 15533.30320  1081.61893 
     0.399805 15390.89302   855.94765 
     0.402577 15390.89302   640.91813 
     0.407238 14971.44846   832.62070 
     0.411954 14563.43492   809.92947 
     0.415766 16567.76094  2564.67361 
     0.418648 14036.66126   977.40438 
     0.419613 14297.62228   595.39140 
     0.428399 13404.90744  1121.97639 
     0.436364 13039.58649   907.97581 
     0.437370 12684.22156  1420.40476 
     0.445501 12567.93192   875.13344 
     0.452740 12113.33755   843.47901 
     0.455878 11675.18630  1307.41095 
     0.461157 12801.58722   711.94624 
     0.462220 11892.24422   495.22499 
     0.469730 11568.14755   481.72874 
     0.474077 11047.49515   924.66351 
     0.478463 11252.88342   311.90086 
     0.486238 11149.71636   309.04133 
     0.493002 10550.27596   439.34183 
     0.495278 10946.21110   151.46178 
     0.502168 10746.42023   447.50981 
     0.511504 10262.75165   284.45696 
     0.518619  9710.99699   134.37023 
     0.528261  9104.66183   506.34579 
     0.530700  8775.33732   858.36065 
     0.535610  8775.33732   611.04653 
     0.544313  8457.92480   707.91924 
     0.549350  8077.25548  1019.35641 
     0.551885  8227.42287   688.62648 
     0.554433  8856.53451   368.80989 
     0.560853  8003.20275   669.85950 
     0.567347  7572.92785   955.70984 
     0.568655  7642.99929   747.60088 
     0.577895  7434.70634   727.22668 
     0.585934  7366.54455   512.94911 
     0.594085  7165.78576   498.96982 
     0.602350  7100.08944   295.66680 
     0.605130  6718.36848   752.33647 
     0.610729  6843.27227   380.58109 
     0.619225  6780.53277   187.93885 
     0.623518  6298.88703   705.36209 
     0.626396  6415.99208   446.76000 
     0.635110  6357.16991   264.72963 
     0.642464  6127.22487   426.65248 
     0.645429  6595.74443   366.81510 
     0.651401  5905.59717   411.22005 
     0.655917  5797.80787   485.27031 
     0.660463  5797.80787   403.71444 
     0.668111  5691.98595   316.55356 
     0.678967  5588.09550   154.88757 
     0.685250  5536.86353   153.46755 
     0.697989  5143.56011   286.05346 
     0.701211  5096.40367   283.43090 
     0.715894  4734.38770   530.16630 
     0.719198  4357.76513   990.46808 
     0.735951  4048.21733  1039.20544 
     0.737647  4867.02772   134.90143 
     0.751361  3726.17991  1234.85410 
     1.354718  1378.04633   374.15614 
     1.900416   452.13052    57.05925 
     3.195330     4.42839     0.21897 
     6.287638     6.51835     0.32271 
     7.658137     7.34894     0.36338 
     8.677379     8.48588     0.42011 
     9.513534     8.65608     0.42802 
    10.243579     9.46661     0.46867 
    10.888177     9.64938     0.47713 
    11.444726    11.49641     0.56916 
    11.935292    11.15785     0.55240 
    12.414038    11.15928     0.55179 
    12.886974    10.58612     0.52409 
    13.338250    11.44081     0.56571 
    13.774076    10.59194     0.52438 
    14.216015    10.43529     0.51599 
    14.643238    10.66876     0.52818 
    15.053298    10.66505     0.52800 
    15.457792    10.41020     0.51475 
    15.842664    11.22250     0.55560 
    16.201354    11.40930     0.56415 
    16.562725    10.57933     0.52375 
    16.929024    10.62159     0.52520 
    17.315572     9.12247     0.45163 
    17.692220    10.75138     0.53162 
    18.051918     9.53690     0.47215 
    18.422601     9.67844     0.47915 
    18.781601     9.79572     0.48437 
    19.144848     9.10107     0.45057 
    19.493826    10.26587     0.50761 
    19.797218    11.65156     0.57684 
    20.077577    11.61184     0.57417 
    20.353330    11.71665     0.58006 
    20.621772    11.90101     0.58919 
    20.902739    10.47319     0.51787 
    21.196622    10.54839     0.52222 
    21.483243    10.71347     0.52975 
    21.781053     9.53098     0.47185 
    22.078585    10.44518     0.51648 
    22.362102    10.19701     0.50483 
    22.638780    10.70551     0.52935 
    22.891832    11.94276     0.59125 
    23.144893    10.44502     0.51711 
    23.405333    11.02444     0.54512 
    23.662480    10.47333     0.51851 
    23.927476    10.15216     0.50199 
    24.188494    10.56637     0.52311 
    24.437998    10.87463     0.53772 
    24.684570    10.59864     0.52471 
    24.940044     9.90937     0.49059 
    25.198986    10.12479     0.50064 
    25.454592     9.96201     0.49319 
    25.705487    10.30592     0.50959 
    25.964853     9.16020     0.45350 
    26.234790     9.29795     0.45975 
    26.501826     9.16947     0.45396 
    26.769658     9.03598     0.44735 
    27.036472     9.07932     0.44894 
    27.312378     8.29457     0.41064 
    27.585000     9.12487     0.45120 
    27.843057     9.05685     0.44838 
    28.106501     8.59736     0.42511 
    28.363047     9.39418     0.46508 
    28.614487     8.77744     0.43402 
    28.848101    10.81897     0.53562 
    29.074008     9.16250     0.45361 
    29.313878     9.41005     0.46530 
    29.547022     9.54251     0.47242 
    29.766061    10.52524     0.52044 
    29.985620     9.36068     0.46342 
    30.229221     8.41625     0.41616 
    30.469586     9.47718     0.46919 
    30.697239     9.17981     0.45447 
    30.927884     9.11698     0.45081 
    31.153480     9.45996     0.46834 
    31.369830     9.77127     0.48316 
    31.594373     8.68224     0.42983 
    31.816443     9.86379     0.48773 
    32.030540     9.18258     0.45461 
    32.250105     9.24384     0.45708 
    32.464036     9.54717     0.47266 
    32.679079     9.00847     0.44599 
    32.899303     8.99884     0.44496 
    33.108276     9.90186     0.49022 
    33.311221     9.40313     0.46495 
    33.521920     9.06961     0.44901 
    33.730748     9.45643     0.46759 
    33.938100     9.08399     0.44972 
    34.150681     8.86314     0.43879 
    34.354910     9.77048     0.48312 
    34.547106     9.86861     0.48857 
    34.742778     9.32702     0.46119 
    34.939789     9.62237     0.47638 
    35.126459    10.28396     0.50851 
    35.316466     9.20179     0.45556 
    35.502765    10.58565     0.52407 
    35.683357     9.68264     0.47878 
    35.861353    10.80449     0.53490 
    36.034356    10.12502     0.50065 
    36.212631    10.06625     0.49835 
    36.390463    10.07605     0.49823 
    36.570772     9.69800     0.48012 
    36.757800     9.27336     0.45854 
    36.942668     9.83232     0.48677 
    37.125535     9.35521     0.46315 
    37.307174     9.89604     0.48933 
    37.491562     8.99914     0.44552 
    37.679645     9.40419     0.46501 
    37.858085     9.90441     0.49034 
    38.028281    10.23680     0.50618 
    38.200609     9.57978     0.47427 
    38.377605     9.58363     0.47446 
    38.550686     9.95547     0.49227 
    38.721039     9.80147     0.48525 
    38.885239    10.64201     0.52621 
    39.046204    10.10180     0.50011 
    39.220871     8.98550     0.44430 
    39.395923     9.96552     0.49337 
    39.561651     9.90856     0.48995 
    39.731465     9.41604     0.46616 
    39.892590    10.94808     0.54201 
    40.051174     9.64619     0.47697 
    40.223986     9.11373     0.45120 
    40.398335     9.39179     0.46439 
    40.567682     9.57750     0.47416 
    40.738739     9.13123     0.45151 
    40.907895     9.71899     0.48116 
    41.071702     9.62340     0.47643 
    41.229538    10.42948     0.51570 
    41.385139     9.81752     0.48604 
    41.552945     8.91137     0.44064 
    41.724212     9.33355     0.46208 
    41.882519    10.37021     0.51277 
    42.039011     9.46992     0.46883 
    42.195684    10.24327     0.50712 
