#  rad density density_err 
     0.003663   675.19821    47.01557 
     0.005996   681.44574    37.89786 
     0.007326   681.44574    37.89786 
     0.008992   687.75108    19.06268 
     0.011012   681.44574    28.37723 
     0.013485   694.11476     9.60441 
     0.016514   694.11476     9.60441 
     0.020177   707.01932     9.78297 
     0.024652   726.82738    50.61063 
     0.026968   669.00795    37.20614 
     0.030189   768.12391   129.95187 
     0.036800   826.85866   249.14888 
     0.054431   627.23644    43.67589 
     0.067120   761.08170   206.64283 
     0.081442   588.07306    40.94885 
     0.082196   633.04019    35.20584 
     0.100427   572.04643     7.91536 
     0.108855   526.53989    44.07082 
     0.122701   512.19022    21.32898 
     0.136097   467.12303    52.30938 
     0.149916   433.94160    54.76379 
     0.162873   410.61166    57.67976 
     0.183168   381.44443    42.71492 
     0.190480   360.93690    50.70181 
     0.217194   335.29825    32.79724 
     0.223794   329.17836    22.92143 
     0.244821   308.62513    12.85198 
     0.272175   284.07387     7.87379 
     0.273432   284.07387     3.93071 
     0.299122   261.47567    10.88855 
     0.326474   236.28235     9.83943 
     0.334079   227.73579     9.48353 
     0.353060   207.69751     2.87389 
     0.380933   187.68574     2.59699 
     0.408177   179.23849    17.53223 
     0.435360   156.11020     4.32697 
     0.489608   131.04827     5.45720 
     0.498711   125.15012     1.73169 
     0.571280   100.33011     2.78089 
     0.609325    77.52313    15.35857 
     0.652903    76.10817     3.16935 
     0.734258    68.14457     8.59990 
     0.744473    58.80731     3.27050 
     0.816298    56.68019     8.77404 
     0.897116    42.99632     1.19175 
     0.909596    46.28404     8.49865 
     0.979149    38.85360     6.01450 
     1.061326    30.57956     1.27342 
     1.224190    22.98430     2.24821 
     1.468415    14.77173     1.02859 
     1.713360    10.50585     1.17647 
     1.958163     7.54104     0.95169 
     2.422347     2.01103     0.63594 
     3.211645     0.39585     0.12518 
     4.393255     0.32598     0.10308 
     5.492128     0.26674     0.08435 
     7.082758     0.10727     0.03392 
     9.342205     0.07028     0.02222 
    11.742639     0.05702     0.01803 
    13.576803     0.09077     0.02870 
    14.791648     0.09453     0.02989 
    16.354021     0.04899     0.01549 
    18.368700     0.04666     0.01407 
    19.700811     0.13000     0.04111 
    20.331328     0.12239     0.03870 
    21.247944     0.06275     0.01984 
    22.834971     0.03519     0.01113 
    24.390363     0.05773     0.01826 
    25.820305     0.03564     0.01127 
    27.071154     0.07614     0.02408 
    28.084009     0.04521     0.01430 
    29.130301     0.06512     0.02059 
    29.959721     0.06480     0.02049 
    30.727206     0.07967     0.02402 
    31.284422     0.12742     0.04029 
    31.935397     0.05521     0.01746 
    32.770061     0.06335     0.02003 
    33.354371     0.11870     0.03754 
    34.023528     0.04996     0.01580 
    34.993052     0.04536     0.01434 
    35.863787     0.06007     0.01900 
    36.764618     0.04073     0.01288 
    37.677390     0.05539     0.01752 
    38.336708     0.07467     0.02361 
    38.857745     0.09269     0.02795 
    39.487922     0.05205     0.01646 
    40.202683     0.06042     0.01911 
    40.920175     0.04988     0.01577 
    41.603349     0.06521     0.02062 
    42.335261     0.04286     0.01355 
    43.119510     0.05339     0.01688 
    43.745797     0.06482     0.02050 
    44.315677     0.06208     0.01963 
    45.015039     0.04310     0.01363 
    45.792757     0.04727     0.01495 
    46.379834     0.08599     0.02593 
    47.175993     0.02925     0.00925 
    48.084548     0.04987     0.01577 
    48.816123     0.04079     0.01290 
    49.488674     0.05893     0.01864 
    49.984348     0.07145     0.02260 
    50.516250     0.05097     0.01612 
    51.037883     0.07336     0.02320 
    51.598842     0.04426     0.01400 
    52.134256     0.08163     0.02581 
    52.626333     0.04957     0.01567 
    53.131256     0.08244     0.02486 
    53.484626     0.09691     0.03065 
    53.934075     0.04986     0.01577 
    54.499443     0.05419     0.01714 
    55.121292     0.04097     0.01295 
    55.710824     0.06024     0.01905 
    56.306217     0.03945     0.01247 
    56.854235     0.07376     0.02333 
    57.391147     0.03994     0.01263 
    58.014531     0.04966     0.01570 
    58.559936     0.05048     0.01596 
    59.014952     0.07256     0.02295 
