#  rad density density_err 
     0.005331  7858.22726  1556.84077 
     0.008992  7714.79845  1305.19628 
     0.011012  7786.18260  1429.69457 
     0.013485  7930.93854  1802.60781 
     0.016514  7786.18260  1655.90168 
     0.020177  7786.18260  1769.70651 
     0.023166  6184.78468   604.96544 
     0.024652  7435.74666  1257.98605 
     0.030189  7101.08293   997.50883 
     0.036800  6719.30855   752.44175 
     0.040350  5798.61914   485.33821 
     0.044962  6242.01179   434.64536 
     0.054809  5588.87742   154.90924 
     0.056474  5436.56500    75.22528 
     0.066965  5004.08392   208.38350 
     0.070121  4867.70874   202.70447 
     0.082007  4480.48043   124.18734 
     0.085674  4521.93780   125.33643 
     0.100196  3938.44318   109.16347 
     0.107362  3902.33532   162.50373 
     0.122419  3461.98024    95.95715 
     0.136411  3015.25874   125.56347 
     0.149571  2987.61468   292.23388 
     0.167436  2417.26678   100.66148 
     0.182746  2650.48032   641.32621 
     0.198998  1885.05742   211.09254 
     0.199457  1973.89744    82.19839 
     0.223279  2245.55959   881.19245 
     0.232728  1567.92247   131.23343 
     0.272803  1816.87306   912.35967 
     0.277875  1234.02678    85.92807 
     0.313942  1115.12765    62.01660 
     0.333310  1378.23916   781.06327 
     0.380933   861.63749   108.73937 
     0.407238  1026.41877   649.42612 
     0.445501   678.14815   134.35202 
     0.497564   710.10829   437.47652 
     0.512683   486.77087    40.74220 
     0.580562   383.11097    37.47404 
     0.607923   443.94031   215.86034 
     0.655917   257.82474    32.53770 
     0.665042   290.61939    28.42697 
     0.744473   272.47370   102.73654 
     0.746189   212.48319     5.88949 
     0.880742   155.35477    15.19604 
     0.909596   171.91928    64.82237 
     0.974650   116.76820     1.61571 
     0.990487   107.47924     4.47572 
     1.111345   103.59161    35.89910 
     1.267210    53.86722     7.56688 
     1.354718    59.06424    16.91497 
     1.357840    66.57706    32.37225 
     1.544716    31.57364     3.98462 
     1.659009    35.26343    12.75695 
     1.823261    21.84362     1.21481 
     1.958163    18.50651     2.07240 
     2.052672     3.93569     0.92765 
     2.381236     3.97685     0.93735 
     2.673335     3.80438     0.89670 
     2.935168     4.03336     0.95067 
     3.185749     3.46969     0.81781 
     3.445469     3.19467     0.75299 
     3.707112     2.93811     0.69252 
     3.996651     2.26794     0.53456 
     4.305454     2.20656     0.52009 
     4.700705     1.24642     0.29378 
     5.158979     1.29866     0.30610 
     5.627869     0.99775     0.23517 
     6.090681     1.13219     0.26686 
     6.627274     0.65720     0.15490 
     7.224572     0.73863     0.17410 
     7.993870     0.35775     0.08432 
     9.036175     0.29278     0.06901 
    10.008692     0.33199     0.07825 
    10.761188     0.41413     0.09761 
    11.338932     0.49282     0.11616 
    11.847972     0.47841     0.11276 
    12.333243     0.49939     0.11771 
    12.872045     0.36338     0.08565 
    13.428553     0.42621     0.10046 
    13.995924     0.34068     0.07816 
    14.630964     0.30793     0.07258 
    15.211456     0.35865     0.08454 
    15.665161     0.47835     0.11275 
    16.016297     0.55901     0.13176 
    16.368838     0.45445     0.10712 
    16.737980     0.48462     0.11423 
    17.081089     0.50358     0.11870 
    17.435856     0.43642     0.10286 
    17.849420     0.35615     0.08395 
    18.228053     0.51256     0.12081 
    18.579191     0.38972     0.09186 
    19.011096     0.32188     0.07587 
    19.451247     0.35735     0.08423 
    19.868158     0.34194     0.08060 
    20.206280     0.55694     0.13127 
    20.502656     0.41317     0.09738 
    20.855431     0.37392     0.08813 
    21.207905     0.40014     0.09431 
    21.518315     0.47005     0.11079 
    21.846501     0.35143     0.08283 
    22.175337     0.45404     0.10702 
    22.510145     0.33049     0.07790 
    22.849244     0.42775     0.10082 
    23.125933     0.47596     0.11219 
    23.385729     0.47239     0.11134 
    23.677817     0.37245     0.08779 
    24.021881     0.34652     0.07950 
    24.410895     0.28296     0.06669 
    24.772038     0.37604     0.08863 
    25.134925     0.27252     0.06423 
    25.526428     0.30767     0.07252 
    25.831099     0.45346     0.10688 
    26.092197     0.39548     0.09322 
    26.351954     0.44942     0.10593 
    26.637711     0.32627     0.07690 
    26.910727     0.49191     0.11594 
    27.169513     0.35012     0.08252 
    27.416452     0.54220     0.12780 
    27.631218     0.43781     0.10319 
    27.926078     0.29068     0.06851 
    28.264670     0.31256     0.07367 
    28.580403     0.32630     0.07691 
    28.898688     0.30097     0.07094 
    29.154887     0.53689     0.12655 
    29.425147     0.27233     0.06419 
    29.758378     0.31158     0.07344 
    30.018133     0.45328     0.10684 
    30.247556     0.38144     0.08991 
    30.482432     0.42439     0.10003 
    30.723445     0.35784     0.08434 
    30.936347     0.56045     0.13210 
    31.126425     0.42823     0.10093 
    31.326257     0.49503     0.11668 
    31.477648     0.81383     0.18671 
    31.646720     0.41128     0.09694 
    31.908585     0.29570     0.06970 
    32.155141     0.47018     0.11082 
    32.360805     0.39906     0.09406 
    32.543614     0.61226     0.14431 
    32.724137     0.40293     0.09497 
    32.956256     0.35198     0.08296 
    33.191555     0.38595     0.09097 
    33.384891     0.52632     0.12405 
    33.595841     0.32942     0.07764 
    33.818139     0.45608     0.10750 
    34.071645     0.26171     0.06169 
    34.336468     0.40040     0.09438 
    34.564040     0.33587     0.07917 
    34.812359     0.32935     0.07763 
    35.063432     0.32386     0.07633 
    35.315802     0.32132     0.07574 
    35.545099     0.39098     0.09216 
    35.727270     0.50685     0.11946 
    35.922108     0.34453     0.08121 
    36.141391     0.38275     0.09022 
    36.340531     0.41233     0.09719 
    36.517998     0.47909     0.11292 
    36.707860     0.36135     0.08517 
    36.938652     0.31577     0.07443 
    37.163823     0.37651     0.08874 
    37.365966     0.40555     0.09304 
    37.583973     0.32235     0.07598 
    37.809035     0.35463     0.08359 
    38.000212     0.44689     0.10533 
    38.170293     0.43771     0.10317 
    38.390758     0.27693     0.06527 
    38.591087     0.56582     0.13337 
    38.741381     0.43654     0.10289 
    38.893140     0.54917     0.12944 
    39.039260     0.46412     0.10939 
    39.212131     0.38938     0.09178 
    39.390255     0.43132     0.10166 
    39.555829     0.44561     0.10503 
    39.686248     0.73427     0.17307 
    39.840614     0.34172     0.08055 
    40.005260     0.60243     0.14199 
    40.177522     0.31598     0.07448 
    40.357011     0.53244     0.12550 
    40.544061     0.29346     0.06917 
    40.728998     0.54485     0.12842 
    40.906864     0.30901     0.07283 
    41.105647     0.40773     0.09610 
    41.263418     0.48009     0.11316 
    41.436435     0.34325     0.08090 
    41.656504     0.28809     0.06790 
    41.889546     0.30079     0.07090 
    42.072463     0.49174     0.11590 
    42.220279     0.45573     0.10455 
    42.372203     0.46092     0.10864 
    42.552996     0.31327     0.07384 
    42.724609     0.52252     0.12316 
    42.871956     0.40165     0.09467 
    43.034501     0.41941     0.09886 
    43.218304     0.31734     0.07480 
    43.423345     0.32790     0.07729 
    43.629612     0.31070     0.07323 
    43.796620     0.53317     0.12567 
    43.934480     0.42608     0.10043 
    44.071704     0.53539     0.12619 
    44.217766     0.37952     0.08945 
    44.380360     0.41787     0.09849 
    44.527623     0.45939     0.10828 
    44.666799     0.46375     0.10931 
    44.816264     0.39795     0.09380 
    44.953768     0.55716     0.13132 
    45.107092     0.33032     0.07786 
    45.275005     0.44077     0.10389 
    45.418677     0.43867     0.10340 
    45.535800     0.69547     0.16392 
    45.683148     0.30705     0.07237 
    45.856903     0.43603     0.10277 
    46.004061     0.41229     0.09718 
    46.132993     0.58132     0.13702 
    46.282514     0.32202     0.07590 
    46.465275     0.37552     0.08615 
    46.655542     0.29630     0.06984 
    46.817697     0.52264     0.12319 
    46.963743     0.34855     0.08215 
    47.153742     0.29638     0.06986 
    47.323710     0.44859     0.10573 
    47.451955     0.49672     0.11708 
    47.571204     0.51490     0.12136 
    47.737131     0.27926     0.06582 
    47.888981     0.67365     0.15878 
    47.983451     0.59621     0.14053 
    48.126411     0.32041     0.07552 
    48.256631     0.79517     0.18742 
    48.364375     0.42060     0.09914 
    48.512993     0.37756     0.08899 
    48.639787     0.60606     0.14285 
    48.769560     0.36179     0.08527 
    48.975702     0.23405     0.05517 
    49.164573     0.45587     0.10745 
    49.299446     0.40944     0.09650 
    49.437517     0.43175     0.10176 
    49.565522     0.47456     0.11185 
    49.732430     0.27169     0.06404 
    49.879837     0.69374     0.16352 
    50.028548     0.26680     0.06288 
    50.212999     0.36982     0.08717 
    50.352014     0.48526     0.11133 
    50.481444     0.42005     0.09901 
    50.594412     0.62336     0.14693 
    50.690437     0.55836     0.13161 
    50.820131     0.35639     0.08400 
    50.981982     0.33946     0.08001 
    51.172756     0.25916     0.06108 
    51.324220     0.64224     0.15138 
    51.423520     0.49880     0.11757 
    51.546871     0.41163     0.09702 
    51.694394     0.34630     0.08162 
    51.840598     0.41745     0.09839 
    51.965383     0.47042     0.11088 
    52.117852     0.29277     0.06901 
    52.251979     0.68103     0.16052 
    52.366251     0.36954     0.08710 
    52.531249     0.29971     0.07064 
    52.682929     0.44791     0.10557 
    52.790808     0.57513     0.13556 
    52.892273     0.49885     0.11758 
    53.002696     0.48142     0.11347 
    53.091045     0.83753     0.19741 
    53.209281     0.31294     0.07376 
    53.393125     0.27425     0.06464 
    53.530443     0.67751     0.15969 
    53.631700     0.43244     0.10193 
    53.784540     0.29240     0.06892 
    53.954718     0.35428     0.08128 
    54.094923     0.43332     0.10213 
    54.199392     0.60950     0.14366 
    54.309869     0.39297     0.09262 
    54.435453     0.45005     0.10608 
    54.557008     0.41617     0.09809 
    54.671221     0.51247     0.12079 
    54.760895     0.67855     0.15994 
    54.863340     0.40860     0.09631 
    54.987951     0.42905     0.10113 
    55.096707     0.54115     0.12755 
    55.185658     0.63446     0.14954 
    55.320972     0.27428     0.06465 
    55.465359     0.51666     0.12178 
    55.590980     0.34066     0.08030 
    55.729217     0.41058     0.09678 
    55.880576     0.28880     0.06807 
    56.019556     0.50914     0.12000 
    56.116112     0.55090     0.12985 
    56.209301     0.54388     0.12819 
    56.308735     0.48381     0.11404 
    56.461405     0.25346     0.05974 
    56.636535     0.33704     0.07944 
    56.798275     0.29087     0.06856 
    56.954031     0.36421     0.08584 
    57.076676     0.46829     0.11038 
    57.208713     0.31917     0.07523 
    57.333581     0.56809     0.13033 
    57.420860     0.61055     0.14391 
    57.535588     0.33702     0.07944 
    57.688487     0.31419     0.07406 
    57.814670     0.52540     0.12384 
    57.901524     0.62316     0.14688 
    57.993564     0.47188     0.11122 
    58.106666     0.40571     0.09563 
    58.231270     0.38529     0.09081 
    58.353020     0.42390     0.09992 
    58.455511     0.54962     0.12955 
    58.552745     0.46464     0.10952 
    58.635911     0.80051     0.18868 
    58.718142     0.47171     0.11118 
    58.808007     0.63845     0.15048 
    58.902901     0.42856     0.10101 
    58.985506     0.93896     0.22132 
    59.059625     0.50259     0.11846 
    59.163857     0.43252     0.10195 
    59.281041     0.39477     0.09305 
    59.405609     0.38055     0.08970 
    59.525947     0.42234     0.09955 
    59.642783     0.40121     0.09457 
    59.756649     0.44385     0.10462 
    59.877739     0.35660     0.08405 
    59.985001     0.59433     0.14009 
    60.091111     0.36154     0.08522 
    60.197245     0.62478     0.14334 
    60.283118     0.52026     0.12263 
    60.398968     0.33794     0.07965 
    60.548659     0.29752     0.07013 
    60.682210     0.43682     0.10296 
    60.776481     0.58579     0.13807 
    60.884279     0.34821     0.08207 
    61.010133     0.40278     0.09494 
    61.143801     0.31079     0.07325 
    61.284915     0.35555     0.08380 
    61.408421     0.40378     0.09517 
    61.520231     0.43084     0.10155 
    61.624676     0.46115     0.10869 
    61.734378     0.39129     0.09223 
    61.857758     0.36135     0.08517 
    61.975475     0.43092     0.10157 
    62.091343     0.37069     0.08737 
    62.228625     0.30671     0.07229 
    62.365500     0.37149     0.08756 
    62.513415     0.26616     0.06273 
    62.646563     0.48587     0.11452 
    62.740694     0.48501     0.11432 
    62.833781     0.49542     0.11677 
    62.935390     0.40939     0.09649 
    63.070226     0.28660     0.06755 
    63.216842     0.33631     0.07927 
    63.355642     0.31653     0.07461 
    63.468242     0.57859     0.13274 
    63.558624     0.45798     0.10795 
    63.659154     0.43843     0.10334 
    63.757034     0.48255     0.11374 
    63.843910     0.55647     0.13116 
    63.938384     0.41366     0.09750 
    64.043919     0.43532     0.10261 
    64.158591     0.35273     0.08314 
    64.267114     0.49279     0.11615 
    64.370907     0.37996     0.08956 
    64.498044     0.32387     0.07634 
    64.619132     0.42210     0.09949 
    64.719927     0.45842     0.10805 
    64.842258     0.29831     0.07031 
    64.961001     0.49338     0.11629 
    65.055644     0.44079     0.10389 
    65.145213     0.55500     0.13081 
    65.222058     0.58994     0.13905 
    65.290823     0.69564     0.16396 
    65.375083     0.41558     0.09795 
    65.496968     0.31620     0.07453 
    65.634844     0.31761     0.07486 
    65.759042     0.39258     0.09253 
    65.863265     0.44624     0.10518 
    65.950689     0.56139     0.13232 
    66.057093     0.32022     0.07548 
    66.165342     0.53410     0.12589 
