#  rad density density_err 
     0.012327 127551.35271 54001.74588 
     0.015165 72725.22420 34209.87086 
     0.018317 126381.95488 53506.65489 
     0.022483 126381.95488 53506.65489 
     0.025814 83499.72954 18978.49340 
     0.027469 105119.93139 13266.22340 
     0.032497 113157.94940 30723.74283 
     0.033485 98556.45384  4104.15548 
     0.040818 92402.78666  2561.16653 
     0.041006 92402.78666  2561.16653 
     0.041865 89060.48765  7454.26739 
     0.049986 79741.62264 16958.79654 
     0.051386 101317.64084 15683.87426 
     0.061214 76857.29029 17468.74612 
     0.064692 89060.48765  1232.32228 
     0.074619 72725.22420 17597.03411 
     0.075657 70094.68183 21120.91502 
     0.081442 81975.68771  1134.29051 
     0.091379 63927.10961 23126.35392 
     0.102529 73398.14241  5110.87817 
     0.104918 61614.80364 20419.11412 
     0.108855 74762.71576  1034.48524 
     0.111647 61614.80364 17645.40453 
     0.129077 78286.17400 15509.74579 
     0.136097 67559.28875  1872.56895 
     0.136411 62184.91840  6082.62512 
     0.146167 52684.76761 15087.99805 
     0.162498 65115.60331 10079.83335 
     0.162873 61049.91572  3395.22415 
     0.166667 56193.36878  2340.04282 
     0.190480 56193.36878  6292.64696 
     0.202698 46739.60833  3912.05514 
     0.203633 45886.51434  4488.39480 
     0.204573 47172.08460  2623.42378 
     0.217194 50313.56247  6349.61373 
     0.244821 45048.99106  6328.15685 
     0.248799 38876.31288  2162.06353 
     0.257542 42236.22247  4729.69752 
     0.272175 41465.32453  7613.84009 
     0.281740 35130.55968   486.09852 
     0.299122 37816.82543  8042.57334 
     0.303983 33549.42404  1865.81445 
     0.323481 35455.61875  9626.62648 
     0.326474 33859.85303  6708.17957 
     0.353060 30597.43837  6061.84294 
     0.371406 28423.99177  5219.19774 
     0.380933 27395.86824  4634.85669 
     0.391605 26404.93293  4467.20939 
     0.407238 24756.26191  3832.24575 
     0.408177 24985.32879  4227.03954 
     0.435360 22997.73518  4556.21993 
     0.453784 20030.18999  1394.74730 
     0.489608 18267.75039  1786.86216 
     0.512683 19128.68294  5478.12098 
     0.544313 12755.13527  2712.65792 
     0.554433 12873.15708  1992.75245 
     0.571280 12522.32782  1580.32826 
     0.645429 10131.76408  1568.38743 
     0.652903 10225.51214  1145.07351 
     0.677406  8743.49506  2244.51576 
     0.734258  8427.23430   943.69872 
     0.756569  7685.72903  1411.24934 
     0.812547  7476.27158   311.33203 
     0.816298  7074.32599   792.19732 
     0.827654  6392.71096  1452.98701 
     0.897116  5993.56292   671.17128 
     0.979149  5031.35625   706.76858 
     1.011227  4463.59794  1014.52262 
     1.022937  4849.36718   337.67237 
     1.051596  4223.62225   898.24546 
     1.061326  4546.58242   316.58879 
     1.224190  3644.89539   101.02708 
     1.238365  3448.93547   191.80877 
     1.287801  3678.62119   569.44706 
     1.461668  2949.06992   584.25802 
     1.468415  2521.65152    69.89367 
     1.513034  2922.03268   836.81917 
     1.621245  2521.65152   722.15699 
     1.713360  1860.73732    25.74686 
     1.958163  1464.48548    40.59175 
     2.026977  2498.53288  2806.25126 
     2.202159   812.24130   420.87606 
     2.448210   610.49916   376.11031 
    19.123880    18.34100     0.96001 
    19.287923    18.48736     0.96900 
    19.450630    18.32858     0.95936 
    19.614819    17.90251     0.93706 
    19.784756    16.83167     0.88101 
    19.957970    16.92431     0.88586 
    20.134011    16.02021     0.83854 
    20.309550    16.68330     0.87444 
    20.479339    16.82445     0.88063 
    20.643704    17.57317     0.91982 
    20.804384    17.31874     0.90650 
    20.972309    15.86231     0.83027 
    21.143230    16.43082     0.86003 
    21.303908    17.64202     0.92469 
    21.457894    17.59855     0.92115 
    21.614911    16.77636     0.87811 
    21.769017    18.02913     0.94369 
    21.917993    17.67665     0.92524 
    22.069133    17.27848     0.90440 
    22.224113    16.53841     0.86685 
    22.381113    16.59753     0.86875 
    22.534595    17.11942     0.89607 
    22.683346    17.43128     0.91239 
    22.841570    15.00173     0.78523 
    23.008621    15.34133     0.80300 
    23.159254    18.30012     0.95919 
    23.301015    16.97948     0.88875 
    23.448765    16.66355     0.87221 
    23.601367    15.72422     0.82304 
    23.751545    17.00571     0.89012 
    23.901246    15.62218     0.81770 
    24.057483    15.34822     0.80447 
    24.213618    15.44108     0.80822 
    24.365745    16.01372     0.83820 
    24.514931    15.85146     0.82970 
    24.661813    16.32694     0.85459 
    24.809682    15.45876     0.80915 
    24.960547    15.44608     0.80959 
    25.107068    16.20494     0.84821 
    25.251269    15.79809     0.82691 
    25.396578    15.77544     0.82572 
    25.539913    16.05475     0.84034 
    25.686255    14.97625     0.78389 
    25.836580    14.98458     0.78541 
    25.994468    13.45129     0.70407 
    26.151087    15.10106     0.79043 
    26.291581    16.50282     0.86380 
    26.437402    13.92880     0.72907 
    26.588237    15.18140     0.79463 
    26.731017    15.34277     0.80308 
    26.870993    15.58790     0.81703 
    27.006490    16.21139     0.84854 
    27.138874    16.20594     0.84826 
    27.269023    16.61535     0.86969 
    27.396400    16.75673     0.87709 
    27.524790    16.20492     0.84820 
    27.654541    16.20621     0.84944 
    27.782227    16.58042     0.86786 
    27.908649    16.42420     0.85968 
    28.038591    15.56010     0.81445 
    28.168601    16.25523     0.85084 
    28.293394    16.73089     0.87574 
    28.421704    15.22253     0.79788 
    28.551111    16.28851     0.85258 
    28.681602    14.88516     0.77912 
    28.813289    15.83701     0.82895 
    28.938768    16.23410     0.84973 
    29.061831    16.32102     0.85428 
    29.179342    17.64038     0.92461 
    29.299164    15.60008     0.81655 
    29.420956    16.95009     0.88721 
    29.545963    14.72493     0.77074 
    29.674085    15.95237     0.83499 
    29.792697    17.02853     0.89131 
    29.911461    15.74346     0.82518 
    30.027006    17.90213     0.93704 
    30.138426    16.79392     0.87903 
    30.251001    17.39794     0.91065 
    30.364125    16.51100     0.86423 
    30.483286    15.56289     0.81460 
    30.601387    16.64295     0.87233 
    30.712104    17.56510     0.91940 
    30.823082    16.49285     0.86328 
    30.937474    16.39746     0.85828 
    31.047204    17.82854     0.93319 
    31.161592    15.05500     0.78801 
    31.281464    15.97638     0.83739 
    31.397754    15.85972     0.83014 
    31.511514    16.62892     0.87040 
    31.618918    17.67484     0.92514 
    31.730381    15.38744     0.80542 
    31.846088    16.22382     0.84919 
    31.963836    14.72819     0.77197 
    32.083021    15.70217     0.82189 
    32.203647    14.32365     0.74973 
    32.321698    16.31446     0.85394 
    32.442696    13.58257     0.71094 
    32.573957    13.64562     0.71424 
    32.699745    14.65567     0.76817 
    32.824318    13.79824     0.72223 
    32.950798    14.13784     0.74001 
    33.070035    15.43946     0.80814 
    33.187570    14.43084     0.75534 
    33.310205    14.06712     0.73631 
    33.429321    15.16720     0.79498 
    33.547941    14.08025     0.73699 
    33.667553    14.84346     0.77694 
    33.790363    13.28804     0.69553 
    33.914308    14.45327     0.75652 
    34.029367    15.29576     0.80062 
    34.142805    14.72012     0.77154 
    34.261052    13.98682     0.73210 
    34.376788    15.32787     0.80230 
    34.491628    14.10180     0.73812 
    34.606733    15.15311     0.79315 
    34.719841    14.49382     0.75864 
    34.834312    14.65227     0.76799 
    34.944906    15.43743     0.80803 
    35.056082    14.45161     0.75643 
    35.167721    15.20854     0.79605 
    35.278602    14.55293     0.76174 
    35.393170    14.15096     0.74069 
    35.510158    13.82691     0.72473 
    35.623807    14.91821     0.78085 
    35.735960    14.13593     0.73991 
    35.856154    12.92036     0.67628 
    35.980616    13.06980     0.68410 
    36.101544    13.59929     0.71182 
    36.217098    14.18248     0.74336 
    36.330408    14.04666     0.73524 
    36.444044    14.05165     0.73550 
    36.555569    14.49777     0.75885 
    36.666959    13.99948     0.73277 
    36.783137    13.25066     0.69357 
    36.897033    14.45700     0.75775 
    37.014449    12.43342     0.65079 
    37.133278    14.03923     0.73485 
    37.246184    13.63580     0.71373 
    37.360278    13.66235     0.71512 
    37.478903    12.55653     0.65724 
    37.600378    12.89214     0.67573 
    37.715857    13.82023     0.72338 
    37.825479    14.24706     0.74573 
    37.940829    12.45778     0.65207 
    38.058497    13.57602     0.71060 
    38.167796    14.33622     0.75039 
    38.276048    13.71700     0.71897 
    38.385686    13.89243     0.72716 
    38.493173    14.23173     0.74492 
    38.597776    14.58870     0.76361 
    38.705151    13.45071     0.70404 
    38.817140    13.31496     0.69694 
    38.929026    13.39815     0.70129 
    39.036643    14.28941     0.74897 
    39.138310    14.92065     0.78098 
    39.237519    14.96362     0.78323 
    39.336985    14.76886     0.77304 
    39.438322    14.34511     0.75086 
    39.542280    13.96012     0.73071 
    39.645374    14.47483     0.75869 
    39.750125    13.46308     0.70469 
    39.856574    13.96775     0.73111 
    39.960967    13.91948     0.72858 
    40.061494    15.00826     0.78557 
    40.163337    13.50899     0.70709 
    40.260982    16.31029     0.85489 
    40.358585    13.45425     0.70423 
    40.458760    15.37812     0.80493 
    40.552712    15.15291     0.79314 
    40.651370    13.90378     0.72776 
    40.753004    14.18506     0.74248 
    40.849357    15.37923     0.80609 
    40.944790    14.38177     0.75278 
    41.042667    14.57619     0.76295 
    41.136180    15.70413     0.82199 
    41.226150    15.65394     0.81936 
    41.315780    15.75476     0.82464 
    41.403587    16.20051     0.84914 
    41.493420    15.00590     0.78544 
    41.588769    14.34110     0.75065 
    41.682827    15.36267     0.80412 
    41.773718    15.27055     0.79930 
    41.868740    14.01813     0.73374 
    41.964546    14.90237     0.78110 
    42.056037    15.28920     0.80027 
    42.150979    13.84530     0.72470 
    42.249254    14.17374     0.74189 
    42.343668    14.94146     0.78207 
    42.437071    14.41130     0.75432 
    42.531835    14.40727     0.75515 
    42.625850    14.57782     0.76304 
    42.716018    15.65829     0.81959 
    42.804297    15.12893     0.79188 
    42.893162    15.38583     0.80533 
    42.979411    16.00034     0.83750 
    43.061844    16.73474     0.87714 
    43.142947    16.45781     0.86144 
    43.228336    15.10521     0.79064 
    43.318383    14.71585     0.77026 
    43.408765    14.93002     0.78147 
    43.496447    15.57851     0.81542 
    43.581207    15.86460     0.83153 
    43.667595    14.94978     0.78251 
    43.754286    15.73162     0.82343 
    43.843443    14.10746     0.73842 
    43.931182    16.21350     0.84865 
    44.018858    14.07028     0.73647 
    44.113774    13.67404     0.71671 
    44.202309    16.21883     0.84893 
    44.283998    15.93015     0.83382 
    44.371845    14.02482     0.73409 
    44.462795    14.75456     0.77229 
    44.548981    15.55656     0.81427 
    44.632625    15.55115     0.81510 
    44.714130    16.33294     0.85491 
    44.795603    15.54870     0.81386 
    44.884576    13.68962     0.71655 
    44.975589    14.76419     0.77279 
    45.063598    14.56018     0.76211 
    45.149328    15.47369     0.81104 
    45.233697    14.96534     0.78332 
    45.319364    14.98895     0.78456 
    45.402141    15.98641     0.83677 
    45.484202    15.18897     0.79503 
    45.566517    15.82816     0.82848 
    45.646940    15.80505     0.82841 
    45.735931    13.00277     0.68060 
    45.824256    16.05369     0.84029 
    45.902520    16.31670     0.85406 
    45.981648    15.65594     0.81947 
    46.062014    15.75710     0.82476 
    46.140515    16.31364     0.85507 
    46.216842    16.60636     0.86922 
    46.298982    14.16327     0.74134 
    46.386910    14.35026     0.75113 
    46.473317    14.61209     0.76483 
    46.554766    16.13147     0.84436 
    46.634580    15.09908     0.79141 
    46.716957    15.07602     0.78912 
    46.796700    16.12054     0.84379 
    46.875458    15.39261     0.80569 
    46.958602    14.42197     0.75488 
    47.040356    15.88722     0.83158 
    47.117157    16.20566     0.84941 
    47.195931    15.07007     0.78880 
    47.274600    16.24063     0.85007 
    47.351433    15.72788     0.82323 
    47.430249    15.38085     0.80507 
    47.511351    14.80727     0.77505 
    47.593753    14.80265     0.77587 
