#  rad density density_err 
     0.032497   154.65505    48.92126 
     0.040818   211.52617    38.84032 
     0.041865   209.58689    32.44385 
     0.051386   203.87506    22.83034 
     0.064692   192.91416     5.34708 
     0.075657   256.66350   124.79937 
     0.081442   168.02121    30.85196 
     0.102529   219.46441    49.88165 
     0.129077   317.22259   272.27441 
     0.146167   123.98356    88.94373 
     0.162498   189.39308     5.24949 
     0.257542   143.66934    72.14489 
     0.281740   150.44027    61.35790 
     0.323481   196.50070     5.44649 
     0.391605   194.69917     2.69404 
     0.407238   196.50070     8.18282 
     0.512683   217.45235    59.04093 
     0.544313   180.86899     2.50267 
     0.645429   127.45712    50.01615 
     0.756569   118.40338    35.67728 
     0.812547   134.69892     1.86382 
     1.022937   112.03768    25.46483 
     1.051596    70.69100    29.92863 
     1.287801    63.87988     3.55261 
     1.621245    47.57339    26.96036 
     3.392887    11.02791     2.12232 
     3.514629     9.50475     1.82919 
     3.654789     7.75142     1.49176 
     3.801116     8.01952     1.54336 
     3.943377     7.59108     1.46090 
     4.088554     7.15950     1.37785 
     4.243403     6.44694     1.21836 
     4.440856     4.17074     0.80266 
     4.653393     4.78307     0.92050 
     4.875952     3.49652     0.67290 
     5.165832     2.53837     0.48851 
     5.439387     3.60078     0.69297 
     5.747276     1.88631     0.36302 
     6.130711     1.89187     0.36409 
     6.453145     2.42701     0.46708 
     6.893135     1.06750     0.20174 
     7.424019     1.26890     0.24420 
     7.931156     0.97079     0.18683 
     8.577786     0.68145     0.13115 
     9.530939     0.38497     0.07409 
    11.052304     0.20774     0.03998 
    13.400719     0.11350     0.02184 
    19.097586     0.02626     0.00505 
    26.614562     0.02497     0.00481 
    33.484898     0.01764     0.00339 
