#  rad density density_err 
     0.005331  4256.31088   597.89581 
     0.007326  4335.44161   547.13636 
     0.008992  4027.47952   797.90824 
     0.011012  4295.69404    59.43915 
     0.012327  5023.81156  1438.73196 
     0.013485  3881.80166   270.29860 
     0.014992  4217.28879   592.41427 
     0.016514  3846.21309   213.90293 
     0.018317  3881.80166   600.89920 
     0.020177  3412.19106   142.09280 
     0.022483  3776.01179  1137.78709 
     0.024652  3111.95524   260.46732 
     0.027469  3055.15565   560.98600 
     0.030189  2710.39970   265.11807 
     0.033485  2612.36190   404.39113 
     0.036800  2339.01680   228.79120 
     0.041006  2133.20868   208.66006 
     0.044962  1892.48890    52.45490 
     0.049986  1648.28893    68.63918 
     0.054809  1559.67224    43.23009 
     0.061214  1297.27886   163.71768 
     0.066965  1261.92441    52.54992 
     0.074619  1002.38219   227.82953 
     0.082007   984.08665   110.20001 
     0.091379   774.52126   256.67594 
     0.100196   818.52762    68.50989 
     0.111647   753.41340    31.37416 
     0.122419   650.17960    72.80843 
     0.136411   706.37178   139.94357 
     0.149571   566.28276    15.69590 
     0.166667   609.58369   183.67963 
     0.182746   441.60435    18.38959 
     0.203633   471.01349   113.96927 
     0.223279   374.13931    20.80735 
     0.248799   334.99116    18.63017 
     0.272803   316.98108    40.00328 
     0.303983   286.43979    44.34061 
     0.333310   219.29733    18.35495 
     0.371406   207.50728     5.75157 
     0.407238   203.71985    25.70962 
     0.453784   192.76729    43.81371 
     0.497564   158.86687    13.29699 
     0.554433   160.33685    45.91768 
     0.607923   116.15378     6.45977 
     0.677406   111.95238     6.22611 
     0.744473    85.71036    18.22818 
     0.827654    90.58021     3.77200 
     0.909596    84.92457     8.30691 
     1.011227    81.10233    14.89197 
     1.111345    71.29078     7.98329 
     1.238365    51.17211    12.38191 
     1.357840    58.75345     6.57933 
     2.816633     0.55176     0.17448 
     3.593300     0.83691     0.26466 
     4.112829     0.75903     0.24003 
     4.500614     1.33071     0.42081 
     4.738819     1.59425     0.50415 
     5.008636     0.96593     0.30545 
     5.348871     0.84651     0.26769 
     5.594626     2.23503     0.67389 
     5.785214     1.14074     0.36073 
     6.065075     0.82375     0.26049 
     6.320627     1.30775     0.41355 
     6.521091     1.17123     0.37037 
     6.765639     0.83800     0.26500 
     7.041079     0.83666     0.26458 
     7.302060     0.86562     0.27373 
     7.511855     1.26269     0.39930 
     7.689504     1.10385     0.34907 
     7.865760     1.34886     0.40670 
     8.039979     1.07919     0.34127 
     8.259026     0.75669     0.23929 
     8.499043     0.83092     0.26276 
     8.694217     1.10958     0.35088 
     8.849904     1.22844     0.38847 
     9.000122     1.14799     0.36303 
     9.172340     0.91135     0.28819 
     9.335352     1.25702     0.39750 
     9.462144     1.42596     0.45093 
     9.556165     2.61399     0.78815 
     9.647125     1.47518     0.46649 
     9.825451     0.66164     0.20923 
    10.018107     1.13078     0.35758 
    10.126363     2.06750     0.65380 
    10.236861     1.07240     0.33912 
    10.361724     1.46634     0.46370 
    10.499165     0.89100     0.28176 
    10.695404     0.66926     0.21164 
    10.908323     0.71698     0.22673 
    11.080272     1.12536     0.33931 
    11.265460     0.61432     0.19426 
    11.467851     0.79392     0.25106 
    11.605035     1.37747     0.43559 
    11.757736     0.65761     0.20795 
    11.961441     0.66010     0.20874 
    12.151811     0.73099     0.23116 
    12.284154     1.51509     0.47911 
    12.403857     0.83377     0.26366 
    12.552661     0.88223     0.27898 
    12.694642     0.98334     0.29649 
    12.875293     0.55919     0.17683 
    13.012338     2.30632     0.72932 
    13.115748     0.78906     0.24952 
    13.255748     0.95126     0.30082 
    13.371308     1.13463     0.35880 
    13.516365     0.63577     0.20105 
    13.699144     0.64419     0.20371 
    13.843690     1.05722     0.33432 
    13.945632     1.19954     0.37933 
    14.028435     1.77106     0.53399 
    14.104414     1.38466     0.43787 
    14.196856     1.08429     0.34288 
    14.307156     0.94908     0.30013 
    14.426379     0.90998     0.28776 
    14.533021     1.18971     0.37622 
    14.638830     0.90929     0.28754 
    14.732449     1.59641     0.50483 
    14.807131     1.31573     0.41607 
    14.898756     1.05186     0.33263 
    14.990335     1.43122     0.43153 
    15.071582     1.30540     0.41281 
    15.148322     1.44747     0.45773 
    15.237006     0.99686     0.31523 
    15.345146     0.93022     0.29416 
    15.438478     1.37149     0.43370 
    15.522195     1.11126     0.35141 
    15.626491     0.87557     0.27688 
    15.725590     1.23615     0.39091 
    15.817447     0.98801     0.31244 
    15.909428     1.34000     0.40402 
    15.979874     1.69465     0.53590 
    16.048885     1.25134     0.39571 
    16.119043     1.61688     0.51130 
    16.204463     0.89472     0.28294 
    16.298555     1.24539     0.39383 
    16.410620     0.66554     0.21046 
    16.524206     1.18251     0.37394 
    16.605356     1.18547     0.37488 
    16.690356     1.06963     0.33825 
