#  rad density density_err 
     0.008333  8568.97421  2136.68521 
     0.025000  7707.77158   938.32129 
     0.050000  6651.64153   731.57929 
     0.083333  4463.02003   424.02646 
     0.116667  2973.23226   305.52983 
     0.150000  2117.52641   262.74300 
     0.183333  1436.57676   177.51738 
     0.216667  1027.84786   171.30454 
     0.258333   729.50595   141.14193 
     0.391667   372.93130    37.00198 
     0.583333   185.23747    31.04527 
     0.791667    85.94663    11.05524 
     1.114391    13.80121     4.36433 
     1.225107    11.01407     3.48295 
     1.340616    10.49973     3.32031 
     1.469931     7.43822     2.35217 
     1.578175    14.21912     4.49648 
     1.654629    11.73240     3.71011 
     1.734152    11.90963     3.76616 
     1.836624     6.77625     2.14284 
     1.955752     7.37298     2.33154 
     2.050300     9.86063     3.11821 
     2.144562     6.75880     2.13732 
     2.243077     8.13439     2.57232 
     2.380225     3.57436     1.13031 
     2.536591     4.99305     1.57894 
     2.752397     1.88999     0.59767 
     3.007731     2.58477     0.81738 
     3.253578     1.70458     0.53903 
     3.570697     1.28354     0.40589 
     3.910657     1.22342     0.38688 
     4.430924     0.50742     0.16046 
     5.351511     0.26242     0.08299 
     6.480306     0.21845     0.06908 
     7.531830     0.21590     0.06827 
     8.377782     0.29302     0.08835 
     9.185332     0.19211     0.06075 
     9.985899     0.22795     0.07208 
    11.001137     0.10867     0.03436 
    11.988659     0.20622     0.06521 
    12.871038     0.11031     0.03488 
    13.666990     0.24730     0.07820 
    14.367931     0.11898     0.03763 
    15.145812     0.16819     0.05319 
    15.716563     0.19598     0.06197 
    16.182738     0.23663     0.07483 
    16.561719     0.28071     0.08877 
    17.182643     0.10297     0.03256 
    17.907543     0.16151     0.05107 
    18.364837     0.23789     0.07523 
    18.935482     0.10818     0.03421 
    19.590129     0.15262     0.04826 
    20.017607     0.24642     0.07793 
    20.538314     0.10781     0.03409 
    21.213925     0.11862     0.03751 
    21.896794     0.09912     0.03134 
    22.453998     0.18598     0.05881 
    22.905030     0.13338     0.04218 
    23.479852     0.10782     0.03409 
    23.948916     0.21477     0.06792 
    24.359414     0.12772     0.04039 
    24.856462     0.13270     0.04196 
    25.267411     0.18560     0.05869 
    25.675486     0.13001     0.04111 
    26.053369     0.24086     0.07262 
    26.343737     0.20021     0.06331 
    26.663622     0.17659     0.05584 
    26.975217     0.20690     0.06543 
    27.306719     0.15426     0.04878 
    27.658589     0.17656     0.05583 
    28.018462     0.14423     0.04561 
    28.398084     0.15338     0.04850 
    28.683147     0.27104     0.08571 
    28.963458     0.15440     0.04882 
    29.323716     0.14886     0.04707 
    29.619039     0.23773     0.07518 
    29.984805     0.10500     0.03320 
    30.482088     0.10676     0.03376 
    30.966535     0.10711     0.03387 
    31.333506     0.19989     0.06321 
    31.671070     0.11936     0.03774 
    32.003441     0.20404     0.06452 
    32.225119     0.24740     0.07824 
    32.624023     0.08156     0.02579 
    32.997127     0.32583     0.10304 
    33.290677     0.10888     0.03443 
    33.678036     0.14080     0.04452 
    33.974500     0.18208     0.05758 
    34.312736     0.11065     0.03499 
    34.688857     0.13776     0.04356 
    34.963076     0.21134     0.06683 
    35.170667     0.22649     0.07162 
    35.442336     0.13071     0.04133 
    35.708868     0.25869     0.07800 
    35.895081     0.24242     0.07666 
    36.055566     0.31971     0.10110 
    36.230831     0.20676     0.06538 
    36.441500     0.20909     0.06612 
    36.747828     0.10726     0.03392 
    37.100845     0.14193     0.04488 
    37.405444     0.13862     0.04384 
    37.789378     0.09137     0.02889 
    38.114304     0.22103     0.06989 
    38.349780     0.14715     0.04653 
    38.580590     0.22971     0.07264 
    38.743272     0.28180     0.08911 
    38.957024     0.14501     0.04586 
    39.184622     0.23415     0.07404 
    39.411185     0.14440     0.04566 
    39.659390     0.18514     0.05855 
    39.893943     0.15809     0.04999 
    40.159960     0.14170     0.04481 
    40.469857     0.11563     0.03657 
    40.770827     0.14909     0.04715 
    41.093270     0.10111     0.03197 
    41.375877     0.21117     0.06678 
    41.641068     0.10976     0.03471 
    41.886763     0.26541     0.08393 
    42.059053     0.18787     0.05941 
    42.243897     0.22389     0.07080 
    42.420649     0.20255     0.06405 
    42.647488     0.13902     0.04396 
    42.870477     0.23003     0.06936 
    43.018417     0.31262     0.09886 
    43.236565     0.11577     0.03661 
    43.487777     0.19839     0.06274 
    43.727353     0.12352     0.03906 
    43.944864     0.25806     0.08160 
    44.102209     0.20699     0.06546 
    44.297170     0.16666     0.05270 
    44.579762     0.10212     0.03229 
    44.884419     0.13653     0.04318 
    45.075581     0.28797     0.09106 
    45.255870     0.14778     0.04673 
    45.534072     0.10976     0.03471 
    45.790565     0.17865     0.05649 
    45.983915     0.18013     0.05696 
    46.158447     0.21973     0.06949 
    46.340906     0.16512     0.05221 
    46.572548     0.13386     0.04233 
    46.890147     0.08934     0.02825 
    47.149244     0.24411     0.07719 
    47.342856     0.13504     0.04270 
    47.547640     0.20840     0.06590 
    47.747054     0.13993     0.04425 
    47.960650     0.17559     0.05553 
    48.158997     0.15911     0.05031 
    48.381229     0.13894     0.04394 
    48.623817     0.13176     0.04167 
    48.849054     0.16125     0.05099 
    49.012645     0.25951     0.08206 
    49.138734     0.28043     0.08455 
    49.331291     0.12502     0.03953 
    49.549923     0.17924     0.05668 
    49.781051     0.11295     0.03572 
    49.998260     0.21030     0.06650 
    50.182207     0.14647     0.04632 
    50.355961     0.24131     0.07631 
    50.527854     0.14801     0.04681 
    50.715184     0.19389     0.06131 
    50.886827     0.17238     0.05451 
    51.067452     0.17332     0.05481 
    51.284366     0.12218     0.03864 
    51.562795     0.10192     0.03223 
    51.777872     0.24145     0.07635 
    51.895473     0.28424     0.08989 
    52.038874     0.17095     0.05406 
    52.324384     0.07757     0.02453 
    52.638969     0.12755     0.04033 
    52.815402     0.26020     0.08228 
    52.934762     0.24462     0.07736 
    53.062145     0.22747     0.07193 
    53.191567     0.23563     0.07451 
    53.350934     0.15558     0.04920 
    53.550076     0.14390     0.04551 
    53.728552     0.19693     0.06227 
    53.858528     0.26979     0.08531 
    54.008952     0.15403     0.04871 
    54.247594     0.10259     0.03244 
    54.462630     0.20279     0.06413 
    54.625531     0.16035     0.05071 
