#  rad density density_err 
     0.007326 122188.50523  8508.26116 
     0.012327 204658.76637 126084.15629 
     0.014992 151018.56943 29919.19904 
     0.015165 183244.24836 97900.00934 
     0.018317 159599.06839 67569.87010 
     0.025814 102572.36095  2843.04085 
     0.027469 110415.57844 23482.28274 
     0.032497 103521.45132 26574.67381 
     0.033485 102572.36095 27849.62838 
     0.040818 80729.14483  5621.35240 
     0.041006 72950.84924  5079.73214 
     0.049986 70962.73607  2955.07895 
     0.051386 77095.73479 14156.27643 
     0.061214 60121.57538  3343.59552 
     0.064692 57415.65875  5616.11942 
     0.074619 52363.70313  7355.67476 
     0.091379 52848.21850  1464.81609 
     0.095027 56889.26882  9624.57571 
     0.108855 53337.21705  9793.75047 
     0.111647 50006.94826  4891.43553 
     0.122419 50006.94826  8460.21876 
     0.129077 43554.23118   602.65614 
     0.136097 46884.61477  7931.97968 
     0.136411 53337.21705 20110.86225 
     0.149571 43154.92359  5446.18751 
     0.162498 40834.79240  5153.38501 
     0.162873 40460.41677  4530.83921 
     0.166667 50936.64684 26393.65304 
     0.176949 37934.14955  4247.94270 
     0.190480 35894.70199  4019.56124 
     0.203633 38285.14991 10964.19882 
     0.204103 35565.61738  6017.02191 
     0.204573 30410.97554  2117.58481 
     0.217194 32736.35729  4598.56700 
     0.244821 26003.41289  1446.15131 
     0.248799 27735.13933  1931.26030 
     0.257542 26486.85243  1473.03727 
     0.285660 21039.25474  2955.44253 
     0.303983 22857.58545  2235.81741 
     0.323481 17339.25174  3687.57034 
     0.326474 18837.80739  1311.71901 
     0.367154 17022.77473   471.82734 
     0.371406 17339.25174   964.30348 
     0.407238 11995.83137  3794.58152 
     0.408177 14289.93825   595.07141 
     0.448589 11995.83137  1004.03823 
     0.453784 10352.14513  3119.30623 
     0.489608 10447.93235  1021.96573 
     0.512683  8851.77471  2011.90290 
     0.530700  9441.26857   525.06580 
     0.554433  9528.62755   797.53592 
     0.612137  8147.61224   796.95965 
     0.645429  6592.19965   366.61796 
     0.677406  7780.90928  2578.58932 
     0.734258  5794.69193   648.90131 
     0.812547  5188.36298  1331.88873 
     0.827654  6237.78429  3946.71278 
     0.856739  4159.39679   348.13705 
     0.979149  2624.40195   558.13636 
     1.011227  3334.49716   954.94180 
     1.022937  2624.40195   145.95324 
     1.101156  1798.99664   733.73076 
     1.224190  1640.70443   325.04984 
     1.238365  2162.86968   555.22363 
     1.287801  2123.39286   768.16135 
     1.468415  1145.59300   193.81241 
     1.513034  1640.70443   823.89496 
     1.713360   822.30012   186.89902 
    11.119624    20.60329     1.66568 
    11.239888    16.13868     1.30473 
    11.360610    19.99405     1.61642 
    11.469463    19.21305     1.55328 
    11.583397    17.91174     1.44808 
    11.701986    17.36790     1.40411 
    11.812820    20.23843     1.63618 
    11.915107    19.89577     1.60848 
    12.020488    18.74965     1.51582 
    12.131767    17.52765     1.41703 
    12.244755    17.84182     1.44243 
    12.349517    20.23877     1.63089 
    12.453499    17.79209     1.43840 
    12.561944    18.11758     1.46472 
    12.665851    19.06894     1.54163 
    12.762720    20.53417     1.66009 
    12.856989    19.80655     1.60126 
    12.958011    17.65818     1.42758 
    13.063590    17.79714     1.43881 
    13.170390    16.98372     1.37305 
    13.272939    19.06379     1.54122 
    13.366189    20.18324     1.63172 
    13.459017    18.96654     1.53335 
    13.556346    18.09519     1.46291 
    13.654636    18.32561     1.48154 
    13.758561    16.11617     1.29868 
    13.862965    17.87438     1.44506 
    13.966119    16.13840     1.30471 
    14.070579    17.15467     1.38687 
    14.163631    20.17413     1.63098 
    14.256917    16.85195     1.36240 
    14.350498    19.77469     1.59869 
    14.445870    16.06410     1.29871 
    14.548934    16.53938     1.33713 
    14.649096    16.76859     1.35566 
    14.750835    15.82012     1.27898 
    14.851283    16.98272     1.37297 
    14.944971    17.93879     1.45027 
    15.040469    16.16318     1.30672 
    15.142324    15.63231     1.25969 
    15.238012    18.19420     1.47091 
    15.330449    16.36797     1.32327 
    15.422571    18.10638     1.46381 
    15.515382    15.94647     1.28920 
    15.610412    17.02195     1.37614 
    15.701013    17.31670     1.39997 
    15.788470    18.06986     1.46086 
    15.876746    16.81747     1.35961 
    15.969029    16.33174     1.32034 
    16.052956    20.36518     1.64643 
    16.133756    17.32531     1.40067 
    16.219100    17.96492     1.45238 
    16.308732    15.60326     1.26145 
    16.393393    20.30563     1.63627 
    16.470374    18.40425     1.48790 
    16.556325    16.06200     1.29854 
    16.642654    18.04363     1.45874 
    16.727688    16.36008     1.32263 
    16.811055    18.62924     1.50608 
    16.891532    17.32670     1.40078 
    16.979681    15.40434     1.24537 
    17.071414    15.78433     1.27609 
    17.160025    16.33851     1.32089 
    17.244311    17.27982     1.39699 
    17.328183    16.33555     1.32065 
    17.414802    16.03284     1.29618 
    17.501121    16.28771     1.31678 
    17.583741    17.46415     1.40730 
    17.665453    16.48653     1.33286 
    17.744557    18.39614     1.48724 
    17.821091    17.41243     1.40771 
    17.900634    16.87482     1.36425 
    17.979592    17.52016     1.41642 
    18.065272    14.33094     1.15859 
    18.150273    17.66571     1.42819 
    18.224754    18.29868     1.47936 
    18.300718    16.86192     1.36321 
    18.378873    17.11808     1.38391 
    18.455944    17.19281     1.38996 
    18.533814    16.63129     1.34456 
    18.617713    14.72892     1.19076 
    18.700294    17.16415     1.38313 
    18.778062    16.37848     1.32412 
    18.856850    16.47084     1.33159 
    18.932913    17.44569     1.41040 
    19.005556    17.90375     1.44743 
    19.081217    16.00008     1.29353 
    19.164178    14.74693     1.19222 
    19.243526    17.44571     1.41040 
    19.318856    16.13374     1.30434 
    19.392644    18.08029     1.46170 
    19.471080    14.30542     1.15652 
    19.557195    14.68115     1.18690 
    19.639719    15.45233     1.24925 
    19.718792    15.85100     1.28148 
    19.802877    13.71203     1.10495 
    19.885382    16.38247     1.32444 
    19.959114    16.77826     1.35644 
    20.031824    16.71952     1.35169 
    20.104127    16.84609     1.36193 
    20.175468    17.05137     1.37852 
    20.249412    15.59605     1.26087 
    20.331575    13.73157     1.11013 
    20.414844    15.03824     1.21577 
    20.495765    14.39701     1.16393 
    20.575376    15.42998     1.24744 
    20.654965    14.29388     1.15559 
    20.741037    13.09363     1.05856 
    20.827577    14.01590     1.13312 
    20.911977    13.72678     1.10614 
    20.997057    13.67985     1.10595 
    21.075007    16.24530     1.31335 
    21.148728    15.08702     1.21971 
    21.225126    15.00122     1.21278 
    21.295495    17.79432     1.43859 
    21.369948    13.46158     1.08830 
    21.450313    14.92067     1.20626 
    21.523495    16.09804     1.30145 
    21.601218    13.23598     1.07007 
    21.685583    13.43786     1.08639 
    21.763585    15.44529     1.24868 
    21.837564    14.76613     1.19377 
    21.910390    15.84579     1.28106 
    21.981084    15.64971     1.26109 
    22.049274    16.95667     1.37087 
    22.119463    14.62981     1.18275 
    22.195336    14.34156     1.15945 
    22.275743    12.96502     1.04816 
    22.360360    12.82433     1.03679 
    22.440272    14.48639     1.17115 
    22.512642    15.48931     1.25224 
    22.584973    14.40832     1.16484 
    22.661959    13.57704     1.09764 
    22.737935    14.70854     1.18911 
    22.810443    14.78474     1.19528 
    22.891353    11.87017     0.95965 
    22.978007    12.66226     1.02368 
    23.056130    14.55691     1.17686 
    23.130311    13.97775     1.12636 
    23.207160    13.47153     1.08911 
    23.282682    14.29636     1.15579 
    23.352399    15.73307     1.27194 
    23.420344    14.93606     1.20751 
    23.491463    14.27275     1.15388 
    23.563103    14.62630     1.18247 
    23.639938    12.40827     1.00315 
    23.717811    14.11610     1.14122 
    23.790885    13.94169     1.12712 
    23.861449    15.07098     1.21842 
    23.930472    14.46780     1.16965 
    24.001135    14.29078     1.15534 
    24.077907    12.25130     0.99046 
    24.157671    13.17996     1.06207 
    24.234495    13.10535     1.05950 
    24.309310    13.72967     1.10998 
    24.385029    12.72432     1.02870 
    24.465798    11.98297     0.96877 
    24.545808    12.89061     1.04214 
    24.625039    12.13258     0.98086 
    24.700836    14.06532     1.13711 
    24.765465    16.61784     1.34347 
    24.832567    13.06832     1.05651 
    24.902883    14.90694     1.20515 
    24.969653    14.35325     1.16039 
    25.042638    12.46183     1.00748 
    25.118980    12.98510     1.04978 
    25.193528    13.06934     1.05316 
    25.264817    14.14452     1.14352 
    25.337613    12.40849     1.00317 
    25.412388    13.29052     1.07447 
    25.485635    12.84291     1.03829 
    25.559954    12.83221     1.03742 
    25.632760    13.31072     1.07611 
    25.704918    12.98670     1.04991 
    25.774949    14.07615     1.13799 
    25.837514    16.24515     1.31334 
    25.897843    15.00970     1.21346 
    25.970791    11.26240     0.91051 
    26.044960    14.36482     1.16133 
    26.112590    13.28903     1.07435 
    26.180050    14.45923     1.16516 
    26.248818    12.74498     1.03037 
    26.322974    12.24878     0.99026 
    26.394361    13.71875     1.10910 
    26.464796    12.49771     1.01038 
    26.535505    13.53588     1.09431 
    26.600271    14.82825     1.19879 
    26.664837    13.54994     1.09545 
    26.727575    15.68656     1.26818 
    26.791263    13.11621     1.06038 
    26.859573    13.46613     1.08867 
    26.933213    11.30751     0.91416 
    27.008339    12.82595     1.03692 
    27.080852    12.03224     0.97275 
    27.150795    13.85528     1.11649 
    27.219184    12.49032     1.00978 
    27.289135    13.06944     1.05660 
    27.354681    14.17111     1.14567 
    27.414071    15.87210     1.28318 
    27.473568    14.06161     1.13681 
    27.536964    13.86937     1.12127 
    27.605335    12.08634     0.97712 
    27.676273    12.77106     1.03248 
    27.742191    13.94544     1.12742 
    27.809935    12.06969     0.97578 
    27.876101    14.61073     1.18121 
    27.933477    15.85995     1.28220 
    27.995814    12.47775     1.00877 
    28.060422    14.67774     1.18277 
    28.120455    14.30013     1.15610 
    28.187077    11.88485     0.96083 
    28.255120    13.59391     1.09900 
    28.319763    13.04971     1.05501 
    28.384451    13.51314     1.09247 
    28.445453    14.62891     1.18268 
    28.506017    13.64364     1.10302 
    28.569264    13.34170     1.07861 
    28.635314    12.46631     1.00784 
    28.698058    14.81476     1.19770 
    28.756521    14.19560     1.14765 
    28.817297    13.65141     1.10365 
    28.883695    11.89114     0.96134 
    28.950276    13.59737     1.09571 
    29.013733    12.98155     1.04950 
    29.077852    13.17019     1.06475 
    29.136408    15.61352     1.26228 
    29.197002    12.32639     0.99653 
    29.258460    15.06261     1.21774 
    29.319440    12.45046     1.00656 
    29.385279    12.75449     1.03114 
    29.448237    13.56758     1.09687 
    29.507993    14.09080     1.13917 
    29.568140    13.34139     1.07859 
    29.630413    13.08259     1.05766 
    29.692580    13.33133     1.07777 
    29.752845    13.86845     1.12120 
    29.812016    13.85739     1.11666 
    29.870130    14.32798     1.15835 
    29.932410    12.02309     0.97201 
    29.997916    12.81392     1.03594 
    30.061949    12.51639     1.01189 
    30.129737    11.40541     0.92207 
    30.201229    11.17931     0.90379 
    30.274873    10.70069     0.86510 
    30.342697    13.26848     1.07269 
    30.412644    10.08278     0.81514 
    30.486260    11.77700     0.95211 
    30.554033    11.76801     0.95139 
    30.621435    11.85474     0.95840 
    30.689015    11.65516     0.94226 
    30.765376     9.41196     0.75844 
    30.849538     9.43291     0.76261 
    30.926102    11.33745     0.91658 
    30.994096    11.80782     0.95461 
    31.063263    10.91825     0.88269 
    31.139060     9.80011     0.79229 
    31.219519     9.61463     0.77730 
    31.303113     9.03877     0.73074 
    31.388530     9.15139     0.73985 
    31.468752    10.22599     0.82672 
    31.546624     9.63982     0.77933 
    31.626556     9.64964     0.78013 
    31.708899     9.04563     0.73130 
    31.799084     8.02083     0.64845 
    31.889999     8.89995     0.71718 
    31.977769     8.53839     0.69029 
    32.068575     8.21548     0.66418 
    32.158453     8.67082     0.70099 
    32.250567     7.79200     0.62995 
    32.345921     8.02513     0.64879 
    32.439245     8.08546     0.65367 
    32.533304     7.85585     0.63511 
    32.625094     8.45261     0.68335 
    32.719930     7.34152     0.59353 
    32.824275     6.91261     0.55885 
    32.919757     8.84324     0.71493 
    33.010056     7.60854     0.61511 
    33.110594     7.06328     0.57103 
    33.210996     7.63318     0.61510 
    33.309769     7.24791     0.58596 
    33.408052     7.61607     0.61572 
    33.502990     7.71796     0.62396 
    33.604662     6.63746     0.53661 
    33.715100     6.46580     0.52273 
    33.832108     5.88452     0.47573 
    33.957006     5.62505     0.45476 
    34.088233     5.29262     0.42788 
    34.226002     5.06137     0.40919 
    34.361168     5.46127     0.44152 
    34.497150     4.96389     0.40131 
    34.644906     4.58459     0.37064 
    34.803956     4.24575     0.34325 
    34.980444     3.72328     0.30003 
    35.164952     3.82945     0.30959 
    35.344518     3.86393     0.31238 
    35.515251     4.20219     0.33973 
    35.690191     3.65407     0.29541 
    35.870526     3.90253     0.31550 
    36.035709     4.32016     0.34926 
    36.199071     3.94979     0.31932 
    36.370752     3.86889     0.31278 
    36.538616     4.09669     0.33120 
    36.723047     3.21598     0.26000 
    36.930201     3.16821     0.25613 
    37.148611     2.86618     0.23172 
    37.387554     2.61374     0.21131 
    37.633913     2.67426     0.21550 
    37.894539     2.31381     0.18706 
    38.162111     2.47875     0.20040 
    38.423831     2.38232     0.19260 
    38.694125     2.29198     0.18530 
    38.992787     1.93490     0.15643 
    39.297233     2.16556     0.17508 
    39.583021     2.15523     0.17424 
    39.885600     1.90951     0.15438 
    40.212725     1.81016     0.14634 
    40.598630     1.37163     0.11089 
    41.110064     1.01152     0.08178 
    41.688956     1.02081     0.08253 
    42.371889     0.72409     0.05854 
    43.673466     0.30813     0.02491 
