#  rad density density_err 
     0.007326 14146.68520  6878.64598 
     0.012327 15369.32129  9981.56443 
     0.014992 12901.93025  4667.41899 
     0.015165 14146.68520  7330.33531 
     0.018317 17974.41189 17752.25663 
     0.022483 13386.11925  6085.90502 
     0.025814 17324.25986 16783.71464 
     0.027469 15369.32129 11290.63806 
     0.032497 16544.53973 15105.38493 
     0.033485 13634.98579  7950.17430 
     0.040818 14543.02295 11189.61303 
     0.041006 12901.93025  6892.98083 
     0.049986 11658.82248  5484.29813 
     0.051386  9091.90082   760.98236 
     0.054431  7424.28593  1470.87004 
     0.061214  8524.22078   713.46815 
     0.064692  5684.00812  2945.26137 
     0.068053  7288.77744   507.53401 
     0.074619  6118.63701  1661.28346 
     0.081442  6833.68081   189.41198 
     0.091379  5736.60160  1136.51272 
     0.095027  6232.39097   172.74578 
     0.102529  5529.10312   697.77745 
     0.108855  5684.00812    78.64913 
     0.111647  5897.31994   327.97298 
     0.122419  5136.35094   285.65253 
     0.129077  4860.20614   338.42711 
     0.136097  4641.46083   454.00504 
     0.136411  5684.00812  1208.82839 
     0.149571  4432.56068   308.64920 
     0.162498  5231.84284  1420.50819 
     0.162873  4194.25363   292.05534 
     0.166667  5428.18561  1963.70745 
     0.176949  4272.23063   177.90716 
     0.190480  4272.23063   478.41302 
     0.203633  4598.90766  1317.04690 
     0.204103  4155.80049   524.46550 
     0.204573  3456.64428   485.56442 
     0.217194  4233.06259   962.12468 
     0.244821  3790.13509   641.21833 
     0.248799  4311.76109  1692.00200 
     0.257542  3686.84339   623.74335 
     0.285660  3123.59479    86.57798 
     0.303983  3240.81835   408.99399 
     0.323481  2875.11149    39.78267 
     0.326474  2646.39514   296.34867 
     0.367154  2221.54282   537.53791 
     0.371406  2121.55693   639.26709 
     0.407238  1764.63419   802.27853 
     0.408177  1934.88291   612.05186 
     0.448589  2121.55693    29.35580 
     0.453784  2369.48896   435.08426 
     0.489608  2221.54282   537.53791 
     0.512683  1565.50583   332.93898 
     0.530700  1952.78616   386.87824 
     0.554433  2007.49600   726.23435 
     0.612137  1338.61192    55.74340 
     0.645429  1155.19337   129.36089 
     0.677406  1134.10872    31.43456 
     0.734258   926.09319    51.50366 
     0.812547   735.62197    51.22302 
     0.827654   836.86362   153.66444 
     0.856739   658.64999    36.63010 
     0.979149   537.84197    67.87611 
     1.011227   490.51771    54.92916 
     1.022937   518.38770   125.43222 
     1.101156   358.63667     4.96242 
     1.224190   321.11064    82.43132 
     1.238365   277.11159    19.29590 
     1.287801   230.49138     9.59828 
     1.345392   206.37386     5.72015 
     1.468415   153.69321    17.21088 
     1.513034   184.77988    55.67784 
     1.713360   137.61149    47.68850 
     1.848625   108.30654    26.20650 
     2.086729    10.52093     1.80432 
     2.346846     8.42268     1.44448 
     2.618193     7.68505     1.31798 
     2.860159     8.79992     1.50917 
     3.088625     7.24163     1.24193 
     3.352396     5.65160     0.96924 
     3.613039     6.35492     1.08986 
     3.835964     6.71194     1.15109 
     4.078098     4.84104     0.83023 
     4.372582     3.93033     0.67405 
     4.634730     5.57500     0.95611 
     4.894110     3.57434     0.61299 
     5.202379     3.38588     0.58067 
     5.452943     5.26773     0.89041 
     5.655620     4.52539     0.77610 
     5.872339     4.15064     0.71183 
     6.060223     5.80727     0.99594 
     6.245576     3.99368     0.68491 
     6.461960     3.88010     0.66543 
     6.684112     3.54321     0.60765 
     6.903007     3.74529     0.64231 
     7.086631     4.83451     0.82911 
     7.261183     3.89850     0.66859 
     7.417574     5.99818     1.02868 
     7.571117     3.85375     0.66091 
     7.756474     3.76591     0.64585 
     7.924934     4.50210     0.77210 
     8.073759     4.59110     0.78737 
     8.210111     5.20125     0.89201 
     8.351445     4.15484     0.71255 
     8.502428     4.35870     0.74751 
     8.648933     4.38149     0.74061 
     8.786168     4.83142     0.82858 
     8.934722     3.57032     0.61231 
     9.082084     4.76314     0.81687 
     9.201451     5.17479     0.88747 
     9.332799     3.88998     0.66713 
     9.475779     4.17120     0.71535 
     9.605649     4.58618     0.78652 
     9.721433     5.11933     0.87796 
     9.834984     4.64814     0.79715 
     9.958925     4.19544     0.71951 
    10.093400     3.84491     0.65940 
    10.218473     4.78322     0.82032 
    10.336229     4.19490     0.71942 
    10.458292     4.33613     0.74364 
    10.581528     4.02209     0.68978 
    10.695334     5.03592     0.86365 
    10.807082     4.06991     0.69798 
    10.907007     6.64823     1.12376 
    10.993007     5.17171     0.88694 
    11.102091     3.96312     0.67967 
    11.208929     5.32321     0.91292 
    11.296657     5.65113     0.96916 
    11.398130     4.01711     0.68893 
    11.501456     5.31797     0.91202 
    11.609727     3.63938     0.62415 
    11.727839     4.26619     0.73164 
    11.831287     4.63200     0.79438 
    11.923210     5.33274     0.91456 
    12.021667     4.02585     0.69043 
    12.128095     4.41552     0.75726 
    12.232940     4.07162     0.69828 
    12.332914     4.80546     0.82413 
    12.411026     6.71628     1.15183 
    12.491968     4.46734     0.76614 
    12.586649     4.65298     0.79798 
    12.668801     6.11483     1.03359 
    12.752164     4.47527     0.76750 
    12.838515     5.41171     0.92810 
    12.927057     4.21979     0.72369 
    13.022564     4.52578     0.77616 
    13.125468     3.61659     0.62024 
    13.225003     4.80953     0.82483 
    13.303063     5.72556     0.98192 
    13.382126     4.64350     0.79635 
    13.475000     4.07009     0.69802 
    13.562706     5.19868     0.89157 
    13.644141     4.60502     0.78975 
    13.722487     5.58792     0.95832 
    13.822312     3.03292     0.52014 
    13.923597     5.28822     0.90692 
    14.007881     4.06310     0.69682 
    14.092969     5.11268     0.87682 
    14.164757     5.57917     0.95682 
    14.236719     5.18573     0.87655 
    14.311976     5.03706     0.86385 
    14.385660     5.20238     0.89220 
    14.467781     4.06825     0.69770 
    14.545794     5.80452     0.99547 
    14.607021     6.34755     1.08860 
    14.689771     3.43826     0.58966 
    14.782704     4.64967     0.79741 
    14.870194     3.78062     0.64837 
    14.954572     4.99095     0.85594 
    15.035359     4.04051     0.69294 
    15.110186     5.91149     1.01381 
    15.188348     3.72112     0.63817 
    15.271640     5.00199     0.85783 
    15.350679     4.04072     0.69298 
    15.431393     4.72670     0.81062 
    15.497680     5.98025     1.02561 
    15.566910     4.34118     0.74451 
    15.642438     5.01698     0.84802 
    15.721383     3.96045     0.67921 
    15.795675     5.55447     0.95258 
    15.861498     4.87582     0.83620 
    15.933355     4.60536     0.78981 
    16.018658     3.48755     0.59811 
    16.105459     4.37822     0.75086 
    16.177736     4.93250     0.84592 
    16.246717     4.74800     0.81428 
    16.315783     4.87859     0.83667 
    16.391772     3.93023     0.67403 
    16.470434     4.48046     0.76839 
    16.538863     5.15000     0.88322 
    16.599200     5.70498     0.97840 
    16.660561     4.95271     0.84938 
    16.724811     5.14208     0.88186 
    16.786811     5.27770     0.90512 
    16.863579     3.47060     0.59520 
    16.944045     4.80119     0.81155 
    17.012118     4.70025     0.80609 
    17.071141     6.29285     1.07921 
    17.146351     3.15444     0.54098 
    17.228847     4.83607     0.82938 
    17.290520     5.35892     0.91905 
    17.356280     4.26388     0.73125 
    17.420756     5.56371     0.95417 
    17.478943     5.11339     0.87694 
    17.547332     4.04523     0.69375 
    17.619281     4.53881     0.77840 
    17.686775     4.54459     0.77939 
    17.760710     3.78253     0.64870 
    17.838896     4.00064     0.68610 
    17.903161     5.73461     0.98348 
    17.958061     5.27777     0.90513 
    18.017870     4.80337     0.82377 
    18.086187     4.03720     0.69237 
    18.158500     4.35022     0.73532 
    18.228168     4.31369     0.73979 
    18.288433     5.72200     0.98131 
    18.344436     4.89217     0.83900 
    18.395706     6.96347     1.19423 
    18.453502     3.99787     0.68563 
    18.533981     3.33256     0.57153 
    18.615294     3.87507     0.66457 
    18.691442     3.74607     0.64245 
    18.756594     5.44127     0.93317 
    18.819023     4.00263     0.68645 
    18.886110     4.59653     0.78830 
    18.959712     3.36287     0.57673 
    19.037189     4.05582     0.69557 
    19.110696     3.68071     0.63124 
    19.177001     5.06769     0.86910 
    19.229481     5.71048     0.97934 
    19.292120     3.69068     0.63295 
    19.362456     4.44850     0.75193 
    19.418586     5.85562     1.00423 
    19.472001     4.69113     0.80452 
    19.540417     3.56898     0.61208 
    19.605488     5.25225     0.90075 
    19.662359     4.49760     0.77133 
    19.726877     4.04310     0.69339 
    19.787363     5.14768     0.88282 
    19.846821     4.14423     0.71073 
    19.915153     3.83377     0.65749 
    19.976165     5.29602     0.90826 
    20.025285     5.73829     0.98411 
    20.078858     4.48756     0.76961 
    20.148051     3.42872     0.58802 
    20.222850     3.75463     0.64391 
    20.291859     3.99500     0.68514 
    20.356216     4.29019     0.73576 
    20.426293     3.38803     0.58104 
    20.500635     3.85460     0.65155 
    20.571200     3.72396     0.63865 
    20.641649     3.73119     0.63989 
    20.717470     3.20947     0.55042 
    20.783405     5.15690     0.88440 
    20.841107     3.99978     0.68596 
    20.915220     3.10550     0.53259 
    20.988920     4.02274     0.68989 
    21.051837     4.16308     0.71396 
    21.114088     4.08374     0.70036 
    21.174597     4.38639     0.75226 
    21.232470     4.43346     0.76033 
    21.304907     2.90646     0.49845 
    21.383369     3.63934     0.62414 
    21.443972     4.88349     0.83751 
    21.499701     4.21006     0.72202 
    21.569005     3.18271     0.54583 
    21.637406     4.31372     0.73980 
    21.697655     4.10615     0.69407 
    21.761958     3.76286     0.64532 
    21.849133     2.28750     0.39230 
    21.931655     4.34584     0.74530 
    21.992765     3.75955     0.64476 
    22.058422     3.72442     0.63873 
    22.115585     5.04925     0.86594 
    22.173166     3.65866     0.62746 
    22.231847     4.80479     0.82401 
    22.290737     3.61665     0.62025 
    22.354635     3.98962     0.68421 
    22.411494     4.55180     0.78063 
    22.472271     3.51493     0.60280 
    22.542996     3.29078     0.56436 
    22.615154     3.35248     0.57495 
    22.683842     3.61434     0.61985 
    22.749019     3.69628     0.63391 
    22.811470     3.91774     0.67189 
    22.885244     2.71792     0.46612 
