#  rad density density_err 
     0.003663 28106.75163  2749.26522 
     0.005996 28629.29515  1592.18687 
     0.007326 29161.55349   808.28293 
     0.008992 26595.65288  4116.98172 
     0.011012 28366.82020   786.25497 
     0.013485 28366.82020   786.25497 
     0.016514 27849.06738   385.34514 
     0.017982 27593.74560   381.81227 
     0.020177 27340.76462  1138.54288 
     0.024652 26110.22750  1452.09169 
     0.026968 18063.86405  8497.22312 
     0.027469 24706.46756  1028.84368 
     0.030189 24033.14772  1000.80483 
     0.036463 21918.49123   912.74485 
     0.036800 21717.54129   904.37676 
     0.036970 20931.99662   580.18087 
     0.044962 19625.04476  1366.53612 
     0.045483 19090.20781   794.96753 
     0.054431 17250.85624  1687.39453 
     0.054935 17092.69944  1671.92441 
     0.055062 18399.69635  3913.09703 
     0.063511 15304.20082  1713.79533 
     0.067120 17250.85624  6769.50385 
     0.072920 13207.19700  1105.42824 
     0.073426 13577.21377  1907.22892 
     0.081442 11189.49936   310.14401 
     0.082007 11397.52769   474.62367 
     0.082196 13086.11269  3359.29580 
     0.090960  9926.83163   137.35671 
     0.092013 10685.88893  1348.56814 
     0.099965  8645.90892   602.03413 
     0.100427  8566.64275   596.51465 
     0.108855  8256.77891   228.85658 
     0.110369  8333.17795   463.44056 
     0.118536  6742.34011  1140.67493 
     0.122701  6321.36192  1252.36311 
     0.127599  6263.40733   879.83822 
     0.129077  6931.23552   192.11594 
     0.136097  6263.40733   173.60547 
     0.136411  5926.66877   663.68034 
     0.145495  5556.61947   543.52139 
     0.146841  5926.66877   164.27195 
     0.149916  5161.91271   799.05917 
     0.162873  5161.91271    71.42494 
     0.164002  5067.69718    70.12129 
     0.165519  5161.91271   143.07488 
     0.183168  4579.42189   126.92974 
     0.184013  4454.61993    61.63819 
     0.190480  4373.31395    60.51317 
     0.190919  4215.12692   116.83243 
     0.202231  4025.41496    55.69932 
     0.217194  3705.19147    51.26841 
     0.218197  3473.84675   241.89178 
     0.220724  3604.21472    49.87121 
     0.223794  3139.13979   531.08239 
     0.238698  3256.94673    45.06609 
     0.244821  3081.84403    85.42075 
     0.245385  2943.13820   287.88341 
     0.257542  2862.92952    79.35301 
     0.272175  2684.17394    74.39837 
     0.272803  2447.99573   414.15404 
     0.273432  2316.38453   560.48638 
     0.275962  2709.01030    37.48434 
     0.294340  2611.02275   255.39750 
     0.299122  2493.50737   138.67368 
     0.300503  2316.38453    96.46047 
     0.326474  2359.44933   365.24051 
     0.327227  2295.14779   289.64957 
     0.331016  2425.55237   551.29915 
     0.334079  2171.75413   212.43039 
     0.353060  2132.11515   391.49781 
     0.354690  2093.19966   324.02531 
     0.380933  1823.10069   204.15450 
     0.386232  1962.50448   532.84354 
     0.408177  1617.37474   158.20370 
     0.409118  1488.71189    41.26325 
     0.435360  1296.61385   108.52519 
     0.441417  1382.96330    57.59031 
     0.489608  1020.49447   157.97157 
     0.491868   983.58219   194.86340 
     0.496419  1049.08495    58.34371 
     0.498711   974.56465   164.87769 
     0.551885   880.66484    48.97721 
     0.571280   788.51626    99.51141 
     0.573917   818.10803    45.49818 
     0.606525   753.02719    10.41957 
     0.609325   795.81232    55.41421 
     0.652903   603.68538    84.80136 
     0.654408   626.34073    43.61352 
     0.661986   581.84949    90.06975 
     0.717544   445.46199   140.91077 
     0.734258   520.96753     7.20858 
     0.735951   516.19127     7.14249 
     0.744473   492.95884    13.66355 
     0.816298   492.95884   141.17481 
     0.818180   502.12363   166.40351 
     0.827654   433.32192    54.68559 
     0.897116   402.54150   121.29372 
     0.901257   325.69467     9.02741 
     0.909596   402.54150   145.62393 
     0.979149   281.06752    19.57136 
     0.983668   244.79957    30.89391 
     0.992770   201.74866    79.16931 
     1.061326   213.21151     5.90967 
     1.111345   180.63864    17.66919 
     1.145114   217.17541    68.69802 
     1.158374   161.73747    15.82037 
     1.224190   133.29402    22.55080 
     1.323880   107.84764    15.14966 
     1.392672   135.77214    61.72785 
     1.468415    93.93137    10.51862 
     1.488842    81.06076     3.37559 
     1.636247    54.55200    10.01681 
     2.557756     1.94876     0.44708 
     3.271484     1.12616     0.25836 
     3.987055     1.24261     0.28507 
     4.700256     0.78839     0.18087 
     5.488635     0.72425     0.16615 
     6.194147     0.75071     0.17222 
     6.920619     0.54439     0.12489 
     7.595171     0.72857     0.16714 
     8.143285     0.67547     0.15496 
     8.642909     0.77838     0.17857 
     9.065677     0.84222     0.19322 
     9.448597     0.86546     0.19855 
     9.866084     0.65888     0.15116 
    10.283416     0.79587     0.18258 
    10.645374     0.80146     0.18387 
    10.977038     0.89182     0.20460 
    11.258074     1.06093     0.24339 
    11.585600     0.64948     0.14900 
    11.947169     0.78787     0.18075 
    12.318821     0.58163     0.13343 
    12.659516     0.92105     0.21130 
    12.911761     0.95535     0.21917 
    13.149588     0.99765     0.22888 
    13.395851     0.90687     0.20278 
    13.655330     0.86187     0.19773 
    14.006181     0.48543     0.11136 
    14.388228     0.65816     0.15099 
    14.713110     0.62199     0.14269 
    15.021787     0.70161     0.16096 
    15.327186     0.60915     0.13975 
    15.591290     0.94922     0.21777 
    15.803532     0.86914     0.19939 
    16.096073     0.51481     0.11811 
    16.387685     0.84529     0.19392 
    16.639350     0.63760     0.14627 
    16.886960     0.85194     0.19545 
    17.100425     0.81588     0.18717 
    17.289307     1.08621     0.24919 
    17.458903     0.97212     0.22302 
    17.680950     0.64315     0.14755 
    17.937141     0.68403     0.15693 
    18.146101     0.97191     0.22297 
    18.348923     0.70373     0.16145 
    18.551096     0.95794     0.21977 
    18.733411     0.83007     0.19043 
    18.926895     0.82996     0.19041 
    19.147735     0.63379     0.14540 
    19.374289     0.76536     0.17559 
    19.575095     0.78146     0.17928 
    19.749852     1.00843     0.23135 
    19.980099     0.51614     0.11541 
    20.253825     0.62524     0.14344 
    20.461364     0.83833     0.19233 
    20.629581     0.91532     0.20999 
    20.844839     0.53655     0.12309 
    21.111959     0.54282     0.12453 
    21.330581     0.81767     0.18759 
    21.499223     0.85813     0.19687 
    21.715240     0.51936     0.11915 
    21.971352     0.56383     0.12935 
    22.200524     0.63577     0.14586 
    22.371416     1.05982     0.24314 
    22.520256     0.78921     0.18106 
    22.688818     0.79816     0.18311 
    22.849318     0.85926     0.19713 
    23.025408     0.66275     0.15205 
    23.210938     0.75350     0.17287 
    23.395564     0.65827     0.15102 
    23.564635     0.90504     0.20763 
    23.736845     0.62871     0.14424 
    23.921413     0.75920     0.17417 
    24.086542     0.76668     0.17589 
    24.245426     0.80980     0.18578 
    24.392144     0.88920     0.20400 
    24.600210     0.44423     0.10191 
    24.825780     0.69832     0.16021 
    24.988448     0.80190     0.18397 
    25.155816     0.68834     0.15392 
    25.316360     0.87020     0.19964 
    25.437154     1.13951     0.26142 
    25.561110     0.82391     0.18902 
    25.715388     0.71281     0.16353 
    25.865437     0.86519     0.19849 
    26.042930     0.52813     0.12116 
    26.233101     0.71828     0.16478 
    26.389457     0.75275     0.17269 
    26.542571     0.73979     0.16972 
    26.690422     0.79956     0.18343 
    26.810045     1.15629     0.26527 
    26.944052     0.65837     0.15104 
    27.099009     0.80022     0.18358 
    27.232873     0.86560     0.19858 
    27.364386     0.82011     0.18815 
    27.536496     0.52425     0.12027 
    27.709329     0.80129     0.18383 
    27.862072     0.64110     0.14708 
    28.016460     0.77381     0.17752 
    28.173756     0.61294     0.14062 
    28.317069     0.95761     0.21969 
    28.444601     0.74059     0.16990 
    28.568733     1.01080     0.23189 
    28.689667     0.76851     0.17631 
    28.834982     0.68329     0.15676 
    28.976914     0.80037     0.18362 
    29.084303     1.29683     0.28998 
    29.178227     1.00176     0.22982 
    29.301094     0.72535     0.16641 
    29.443456     0.72101     0.16541 
    29.582196     0.75700     0.17367 
    29.714459     0.78590     0.18030 
    29.857424     0.64740     0.14852 
    29.997076     0.82050     0.18824 
    30.120722     0.80683     0.18510 
    30.246029     0.79232     0.18177 
    30.372150     0.78982     0.18120 
    30.501744     0.74468     0.17084 
    30.614273     1.07450     0.24651 
    30.715707     0.88741     0.20359 
    30.822063     0.96401     0.22116 
    30.952953     0.61057     0.14007 
    31.133559     0.48273     0.11075 
    31.315639     0.59258     0.13595 
    31.464751     0.71048     0.16300 
    31.595589     0.75713     0.17370 
    31.726147     0.70757     0.16233 
    31.863952     0.67352     0.15452 
    31.987205     0.89522     0.20538 
    32.114401     0.63284     0.14518 
    32.253963     0.71935     0.16503 
    32.395798     0.60874     0.13965 
    32.541272     0.67530     0.15492 
    32.661185     0.95344     0.21320 
    32.768699     0.81802     0.18767 
    32.884127     0.77900     0.17871 
    32.979093     1.27555     0.29263 
    33.080994     0.69293     0.15897 
    33.204699     0.78854     0.18090 
    33.303382     1.10900     0.25442 
    33.390841     0.97333     0.22330 
    33.493616     0.80248     0.18410 
    33.602342     0.85749     0.19672 
    33.703532     0.92088     0.21126 
    33.845219     0.48050     0.11024 
    33.978606     1.10102     0.25259 
    34.101306     0.53883     0.12362 
    34.228322     0.98755     0.22656 
    34.348202     0.58575     0.13438 
    34.498531     0.58296     0.13374 
    34.633155     0.73443     0.16849 
    34.750029     0.75761     0.17381 
    34.874529     0.64641     0.14830 
    34.997708     0.76997     0.17664 
    35.129157     0.57129     0.13106 
    35.261236     0.75571     0.17337 
    35.375998     0.73661     0.16899 
    35.488309     0.78479     0.18004 
    35.598185     0.76408     0.17529 
    35.710294     0.74909     0.17185 
    35.837693     0.62657     0.14011 
    35.950081     1.01317     0.23244 
    36.057816     0.63319     0.14526 
    36.156827     1.27536     0.29259 
    36.246234     0.73676     0.16902 
    36.352315     0.84087     0.19291 
    36.448004     0.89741     0.20588 
    36.552532     0.70947     0.16276 
    36.675833     0.63426     0.14551 
    36.791814     0.80607     0.18492 
    36.918021     0.54443     0.12490 
    37.040675     0.86063     0.19744 
    37.119787     1.28567     0.29495 
    37.205701     0.74933     0.17191 
    37.310281     0.80489     0.18466 
    37.412025     0.78632     0.18039 
    37.511466     0.83895     0.19247 
    37.611980     0.76615     0.17577 
    37.710798     0.86504     0.19845 
    37.810490     0.74965     0.17198 
    37.914582     0.78580     0.18028 
    38.033339     0.58454     0.13410 
    38.154915     0.73975     0.16971 
    38.254938     0.85080     0.19519 
    38.366073     0.60929     0.13978 
    38.486500     0.70470     0.16167 
    38.580916     1.01349     0.23251 
    38.655417     1.14901     0.25693 
    38.737731     0.83973     0.19265 
    38.829131     0.86686     0.19887 
    38.920734     0.83214     0.19091 
    39.004107     1.05657     0.24239 
    39.086204     0.85190     0.19544 
    39.175148     0.88651     0.20338 
    39.278245     0.64630     0.14827 
    39.423391     0.44812     0.10280 
    39.550212     0.92709     0.21269 
    39.629110     1.01300     0.23240 
    39.718318     0.73854     0.16943 
    39.797713     1.36409     0.31294 
    39.900076     0.50856     0.11667 
    40.010358     1.05645     0.24237 
    40.087062     0.92141     0.21139 
    40.169703     0.90247     0.20704 
    40.269171     0.65004     0.14913 
    40.359398     1.15390     0.26472 
    40.443637     0.72208     0.16566 
    40.554471     0.63126     0.14482 
    40.665882     0.71023     0.16294 
    40.773074     0.67617     0.15512 
    40.888797     0.60738     0.13934 
    40.971115     1.72144     0.39492 
    41.047172     0.67440     0.15472 
    41.138911     0.99011     0.22715 
    41.224337     0.79921     0.17871 
    41.298470     1.41754     0.32521 
    41.352265     1.30733     0.29992 
    41.427879     0.76599     0.17573 
    41.521110     0.79882     0.18326 
    41.608063     0.87842     0.20152 
    41.681508     1.13089     0.25944 
    41.742493     1.25291     0.28744 
    41.811059     0.91190     0.20920 
    41.891437     0.88630     0.20333 
    41.986792     0.65915     0.15122 
    42.091938     0.71112     0.16314 
    42.177451     1.02421     0.23497 
    42.254585     0.84926     0.19483 
    42.345878     0.72632     0.16663 
    42.442351     0.75294     0.17274 
    42.541957     0.67966     0.15592 
    42.635941     0.85058     0.19514 
    42.719509     0.84517     0.19389 
    42.820511     0.59720     0.13701 
    42.923139     0.80973     0.18576 
    43.007413     0.86227     0.19782 
    43.083674     0.98884     0.22686 
    43.185275     0.52959     0.12150 
    43.322783     0.48881     0.11214 
    43.433484     0.88572     0.20320 
    43.527999     0.62913     0.14433 
    43.628467     0.80607     0.18024 
    43.711763     0.90931     0.20861 
    43.781866     1.07705     0.24709 
    43.850270     0.94882     0.21767 
    43.930165     0.79022     0.18129 
    44.028467     0.62726     0.14390 
    44.122477     0.87280     0.20023 
    44.217997     0.60779     0.13944 
    44.329113     0.62176     0.14264 
    44.454424     0.48275     0.11075 
    44.570643     0.74125     0.17005 
    44.655734     0.86098     0.19752 
    44.735232     0.84132     0.19301 
    44.810935     0.94965     0.21787 
    44.887893     0.81306     0.18653 
    44.973475     0.76139     0.17468 
    45.077934     0.55620     0.12760 
    45.174369     0.92637     0.21252 
    45.259841     0.67704     0.15532 
    45.361143     0.64150     0.14717 
    45.458125     0.73876     0.16948 
    45.538129     0.94915     0.21775 
    45.629526     0.58735     0.13475 
    45.723433     0.88201     0.20235 
    45.798344     0.88226     0.20240 
    45.863392     1.19322     0.27374 
    45.925374     0.95833     0.21986 
    46.003676     0.78721     0.17603 
    46.074442     1.22367     0.28073 
    46.170174     0.47519     0.10902 
    46.279979     0.79897     0.18330 
    46.380725     0.54463     0.12495 
    46.492274     0.62912     0.14433 
    46.595593     0.62853     0.14419 
    46.716669     0.46602     0.10691 
    46.819315     0.97280     0.22318 
    46.901372     0.65978     0.15136 
    46.987756     0.85757     0.19674 
    47.061313     0.89156     0.20454 
    47.141536     0.72584     0.16652 
    47.222204     0.87768     0.20135 
    47.313528     0.58268     0.13368 
    47.415704     0.67368     0.15455 
    47.509128     0.69049     0.15841 
    47.593535     0.82910     0.19021 
    47.673586     0.75992     0.17434 
    47.752240     0.85762     0.19675 
    47.821455     0.97901     0.22460 
    47.884255     1.03507     0.23746 
    47.952453     0.83654     0.19191 
    48.021134     1.01602     0.23309 
    48.087324     0.89322     0.20492 
    48.169795     0.66403     0.15234 
    48.261321     0.70790     0.16240 
    48.363688     0.56630     0.12663 
    48.456815     0.89108     0.20443 
    48.543626     0.60135     0.13796 
    48.630308     0.89120     0.20445 
    48.712126     0.66138     0.15173 
    48.808636     0.62480     0.14334 
    48.907247     0.63052     0.14465 
    48.998767     0.72625     0.16661 
    49.101844     0.50823     0.11660 
    49.225685     0.48559     0.11140 
    49.327042     0.80444     0.18455 
    49.405812     0.75253     0.17264 
    49.483205     0.83199     0.19087 
    49.573292     0.57156     0.13112 
    49.677684     0.59643     0.13683 
    49.774055     0.66995     0.15370 
    49.857988     0.78580     0.18027 
    49.931893     0.85750     0.19673 
    50.020130     0.57113     0.13103 
    50.106080     0.91373     0.20962 
    50.183653     0.67631     0.15516 
    50.287209     0.50954     0.11690 
    50.389732     0.68953     0.15819 
    50.469368     0.82940     0.19028 
    50.543707     0.78272     0.17957 
    50.628259     0.64454     0.14787 
    50.710052     0.84087     0.19291 
    50.796492     0.61457     0.13742 
    50.890896     0.68421     0.15697 
    50.962639     1.04760     0.24034 
    51.035153     0.67036     0.15379 
    51.119397     0.73852     0.16943 
    51.196280     0.80179     0.18394 
    51.290672     0.51215     0.11749 
    51.387141     0.75618     0.17348 
    51.470609     0.65926     0.15124 
    51.578758     0.46098     0.10576 
    51.678745     0.80387     0.18442 
    51.777862     0.46557     0.10681 
    51.882421     0.69655     0.15980 
    51.960699     0.79853     0.18320 
    52.041766     0.65101     0.14935 
    52.121359     0.82965     0.19033 
    52.199650     0.66853     0.15337 
    52.285993     0.67225     0.15422 
    52.358846     0.96781     0.22203 
    52.423340     0.83223     0.19093 
    52.515258     0.50279     0.11535 
    52.622867     0.57069     0.13093 
    52.705305     0.89391     0.20508 
    52.774266     0.77708     0.17827 
    52.839854     0.99635     0.22858 
    52.910390     0.68336     0.15677 
    52.989371     0.76777     0.17614 
