#  rad density density_err 
     0.007326   973.40521    26.98028 
     0.012327   955.63857    39.79536 
     0.014992  1067.31759   149.92907 
     0.018317  1019.28039    85.31268 
     0.022483  1087.16051   231.20841 
     0.027469  1047.83685   192.40323 
     0.033485  1038.23022   235.97736 
     0.041006  1000.67642   256.88057 
     0.049986  1000.67642   377.30626 
     0.061214   847.80050   230.18802 
     0.074619   643.12245    17.82569 
     0.091379   492.37236    55.13685 
     0.111647   383.96679    76.06998 
     0.136411   331.35511    23.07300 
     0.166667   263.20472    10.96055 
     0.203633   172.30333    44.23146 
     0.248799   128.31980    32.94058 
     0.371406    94.68772    24.30699 
     0.453784    65.50790    12.02852 
     0.554433    49.23724    12.63954 
     0.592719    44.90489    12.85998 
     0.677406    27.30824     3.83606 
     0.827654    24.22667     4.79969 
     1.011227    16.15451     1.58015 
     1.185356     7.59091     5.31552 
     2.234866     0.45450     0.14373 
     4.640424     0.10572     0.03343 
     6.820780     0.20900     0.06609 
     7.864440     0.20845     0.06592 
     8.923472     0.15547     0.04916 
    10.422712     0.08248     0.02608 
    11.890239     0.12351     0.03906 
    12.783244     0.17730     0.05607 
    13.545085     0.14304     0.04523 
    14.435580     0.11490     0.03633 
    15.355295     0.11780     0.03725 
    16.022320     0.21872     0.06917 
    16.427668     0.29890     0.09012 
    16.785265     0.26437     0.08360 
    17.199949     0.19658     0.06216 
    17.724698     0.15514     0.04906 
    18.197113     0.23894     0.07556 
    18.608007     0.18767     0.05935 
    19.096966     0.15960     0.05047 
    19.518936     0.25341     0.08014 
    19.957483     0.14360     0.04541 
    20.496344     0.14864     0.04701 
    21.083681     0.11573     0.03660 
    21.612340     0.18181     0.05749 
    21.963927     0.24305     0.07686 
    22.305810     0.18503     0.05851 
    22.731745     0.15017     0.04749 
    23.127460     0.21162     0.06692 
