#  rad density density_err 
     0.005832   599.76525   198.76190 
     0.009837   651.60034   138.57703 
     0.011991   669.85577   113.32678 
     0.014650   676.05387    94.96716 
     0.017818   701.42510    68.60998 
     0.021820   721.07643    40.10188 
     0.026659   783.39591    54.54962 
     0.032647   827.90652   116.29833 
     0.039797   899.45885   244.21389 
     0.048848   968.23617   365.07462 
     0.054935   959.35933   347.05907 
     0.059545   986.23702   402.24224 
     0.072753   933.21412   295.19897 
     0.073426   891.21257   215.64317 
     0.089094   843.29845   167.07094 
     0.092013   820.31622   138.78181 
     0.108605   790.64459   133.76193 
     0.110369   769.09733   108.03724 
     0.129077   701.42510    78.54700 
     0.132693   594.26657    66.54717 
     0.146841   633.84242    53.05193 
     0.162498   467.71500   120.06568 
     0.165519   546.99241     7.56869 
     0.184013   476.41047    19.83901 
     0.198540   396.26097    78.50565 
     0.202231   422.65042    23.50524 
     0.220724   374.95686    20.85281 
     0.238698   332.64523    23.16284 
     0.242577   287.06570    77.94179 
     0.257542   292.40265    28.60140 
     0.275962   259.40677    25.37390 
     0.294340   228.02439    28.77687 
     0.296380   213.78700    42.35463 
     0.331016   182.80215    20.47055 
     0.362117   138.66961    35.59745 
     0.386232   152.04821    17.02667 
     0.441417   121.89371    29.49414 
     0.442434   118.57177    23.49097 
     0.496419    89.94589    19.12896 
     0.540566    70.14251    10.85799 
     0.551885    57.80712     3.21488 
     0.553157    62.22735     4.33303 
     0.606525    40.36280     9.17398 
     0.660463    48.52676    20.54490 
     0.661986    37.15192     0.51407 
     0.680532    36.47382     3.56769 
     0.717544    33.88296     6.71276 
     0.767094    19.67802     6.81931 
     0.806954    31.18755    19.73270 
     0.827654    18.44936     2.06600 
     0.943732     9.95363     4.99831 
     0.985936    18.62007    13.67871 
     0.992770     8.43298     4.36969 
     1.106238     5.83420     3.59428 
     1.158374     5.72771     2.42496 
     1.204616     9.50564     5.54247 
     1.207393     6.33842     0.35250 
     1.323880     5.72771     1.13475 
     1.488842     3.32645     0.41980 
     1.534083     3.23580     0.08969 
     1.737196     2.19777     0.18395 
     1.798245     1.71388     0.54214 
     1.967201     2.36582     1.41837 
     2.246261     1.27176     0.40216 
     2.900762     0.72973     0.23076 
     3.730430     0.47015     0.14867 
     4.623779     0.39149     0.12380 
     5.498557     0.33258     0.10517 
     6.316483     0.32914     0.10408 
     7.006495     0.36966     0.11690 
     7.598567     0.36769     0.11627 
     8.030173     0.67515     0.21350 
     8.359320     0.52200     0.16507 
     8.841694     0.30000     0.09487 
     9.585196     0.18720     0.05920 
    10.247895     0.35425     0.11202 
    10.772245     0.24209     0.07656 
    11.395328     0.21965     0.06946 
    11.827046     0.59135     0.18700 
    12.176634     0.27714     0.08764 
    12.601191     0.33457     0.10580 
    12.983458     0.31672     0.10016 
    13.369245     0.30958     0.09790 
    13.817725     0.22478     0.07108 
    14.191353     0.47757     0.15102 
    14.444408     0.40617     0.12844 
    14.748350     0.32059     0.10138 
    14.999859     0.63761     0.20163 
    15.205941     0.42590     0.13468 
    15.442481     0.45337     0.14337 
    15.740260     0.27459     0.08683 
    16.074031     0.33080     0.10461 
    16.330619     0.45570     0.14411 
    16.547125     0.43890     0.13879 
    16.855855     0.23705     0.07496 
    17.115238     0.77199     0.24413 
    17.281018     0.43627     0.13796 
    17.485899     0.45817     0.14489 
    17.728457     0.31339     0.09910 
    18.069376     0.22277     0.07045 
    18.341324     0.58428     0.18476 
    18.512480     0.44362     0.14028 
    18.766057     0.27065     0.08559 
    19.039169     0.35897     0.11352 
    19.246774     0.45350     0.14341 
    19.453053     0.35538     0.11238 
    19.707128     0.29057     0.09189 
    19.977834     0.30236     0.09562 
    20.246873     0.28626     0.09052 
    20.497375     0.34296     0.10845 
    20.698532     0.43710     0.13822 
    20.917145     0.29118     0.09208 
    21.142283     0.39837     0.12598 
    21.287570     0.73581     0.23268 
    21.418663     0.46275     0.14633 
    21.601305     0.35992     0.11382 
    21.780157     0.47762     0.15104 
    21.970886     0.31707     0.10027 
    22.236985     0.23564     0.07452 
    22.552899     0.21509     0.06802 
    22.788745     0.48637     0.15380 
    22.937609     0.45016     0.14235 
    23.122997     0.31771     0.10047 
    23.348306     0.29133     0.09213 
    23.594022     0.26201     0.08286 
    23.826888     0.32070     0.10142 
    24.053283     0.27061     0.08558 
    24.290835     0.28414     0.08985 
    24.467763     0.52772     0.16688 
    24.614025     0.38201     0.12080 
    24.774093     0.42580     0.13465 
    24.958331     0.29305     0.09267 
    25.177553     0.28624     0.09052 
    25.397322     0.28654     0.09061 
    25.581391     0.41632     0.13165 
    25.786935     0.23589     0.07459 
    26.018569     0.30339     0.09594 
    26.187773     0.44430     0.14050 
    26.336230     0.37740     0.11934 
    26.493307     0.39002     0.12334 
    26.645188     0.39890     0.12614 
    26.790637     0.42085     0.13308 
    26.956115     0.31108     0.09837 
    27.144112     0.31490     0.09958 
    27.311261     0.39347     0.12443 
    27.515241     0.22259     0.07039 
    27.725647     0.35664     0.11278 
    27.873175     0.42580     0.13465 
    28.032622     0.30723     0.09716 
    28.216905     0.30693     0.09706 
    28.378217     0.40391     0.12773 
    28.568155     0.23114     0.07309 
    28.806309     0.23482     0.07426 
    28.965743     0.65736     0.20787 
    29.095948     0.30935     0.09782 
    29.249766     0.41596     0.13154 
    29.347141     0.84820     0.26823 
    29.466370     0.30949     0.09787 
    29.628110     0.36062     0.11404 
    29.768775     0.40390     0.12772 
    29.946096     0.23911     0.07561 
    30.119732     0.42273     0.13368 
    30.252962     0.37189     0.11760 
    30.379999     0.46520     0.14711 
    30.500432     0.40686     0.12866 
    30.714039     0.17333     0.05481 
    30.970794     0.23952     0.07574 
    31.205194     0.20060     0.06344 
    31.395812     0.39921     0.12624 
    31.541192     0.30810     0.09743 
    31.719669     0.25974     0.08214 
    31.865894     0.50312     0.15910 
    31.993050     0.32086     0.10146 
    32.108909     0.64646     0.20443 
    32.239717     0.26693     0.08441 
    32.388498     0.43634     0.13798 
    32.491511     0.52440     0.16583 
    32.569975     0.76931     0.24328 
    32.646516     0.54432     0.17213 
    32.763863     0.33471     0.10584 
    32.890998     0.44336     0.14020 
    33.030000     0.28535     0.09023 
    33.168514     0.44362     0.14029 
    33.280746     0.41119     0.13003 
    33.437035     0.24251     0.07669 
    33.616055     0.29268     0.09255 
    33.729880     0.71612     0.22646 
    33.831489     0.34257     0.10833 
    33.953417     0.44001     0.13914 
    34.116491     0.21242     0.06717 
    34.311995     0.27063     0.08558 
    34.466612     0.33500     0.10594 
    34.614932     0.28954     0.09156 
    34.769351     0.30508     0.09648 
    34.907123     0.36328     0.11488 
    34.996307     0.86030     0.27205 
    35.083779     0.37159     0.11751 
    35.204723     0.37734     0.11933 
    35.319374     0.41155     0.13014 
    35.437817     0.38779     0.11692 
    35.547037     0.49177     0.15551 
    35.664126     0.31178     0.09859 
    35.798111     0.35614     0.11262 
    35.895328     0.63705     0.20145 
    35.978704     0.45533     0.14399 
    36.093137     0.33478     0.10587 
    36.211774     0.41637     0.13167 
    36.336896     0.30272     0.09573 
    36.466243     0.38283     0.12106 
    36.604702     0.26689     0.08440 
    36.721107     0.62009     0.19609 
    36.838692     0.26140     0.08266 
    36.976942     0.38698     0.12237 
    37.090007     0.37344     0.11809 
    37.236501     0.24001     0.07590 
    37.405457     0.26621     0.08418 
    37.517967     0.65074     0.20578 
    37.611796     0.34552     0.10926 
    37.716623     0.48400     0.15305 
    37.816433     0.37432     0.11837 
    37.913280     0.51658     0.16336 
    38.012050     0.36009     0.11387 
    38.152920     0.25211     0.07972 
    38.307437     0.28938     0.09151 
    38.479334     0.20658     0.06533 
    38.621703     0.48758     0.15419 
    38.718620     0.37602     0.11891 
    38.837443     0.31933     0.10098 
    38.955184     0.38129     0.12057 
    39.105685     0.20995     0.06639 
    39.265343     0.32306     0.10216 
    39.383029     0.36770     0.11628 
    39.516135     0.25767     0.08148 
    39.641146     0.42841     0.13548 
    39.750959     0.31799     0.10056 
    39.865433     0.38747     0.12253 
    39.942502     0.77972     0.24657 
    40.019937     0.38325     0.12119 
    40.116356     0.44542     0.14085 
    40.197600     0.53928     0.17053 
    40.288880     0.36195     0.11446 
    40.373853     0.64832     0.20502 
    40.466497     0.31594     0.09991 
    40.559776     0.63217     0.19991 
    40.629941     0.50054     0.15829 
    40.722332     0.36689     0.11602 
    40.897476     0.15964     0.05048 
    41.053692     0.56458     0.17854 
    41.163073     0.25760     0.08146 
    41.304395     0.29070     0.09193 
    41.428320     0.33319     0.10537 
    41.511756     0.74340     0.23508 
    41.573723     0.52905     0.16730 
    41.668207     0.32756     0.10358 
    41.790755     0.29640     0.09373 
    41.914327     0.32002     0.10120 
    42.018828     0.41924     0.13257 
    42.109136     0.41870     0.13241 
    42.211703     0.32825     0.10380 
    42.307483     0.49048     0.15510 
    42.423278     0.24221     0.07659 
    42.565877     0.28694     0.09074 
    42.680899     0.37387     0.11823 
    42.782792     0.35754     0.11306 
    42.887390     0.35292     0.11160 
    43.007893     0.27239     0.08614 
    43.117303     0.44491     0.14069 
    43.210028     0.35940     0.11365 
    43.322127     0.30184     0.09545 
    43.442376     0.30842     0.09753 
    43.571758     0.26095     0.08252 
    43.687110     0.40155     0.12698 
    43.772080     0.45901     0.14515 
    43.883203     0.25357     0.08018 
    44.027987     0.24668     0.07801 
    44.126694     0.70893     0.22418 
    44.187675     0.50669     0.16023 
    44.264930     0.43099     0.13629 
    44.385422     0.22758     0.07197 
    44.504733     0.44116     0.13951 
    44.582905     0.47419     0.14995 
    44.651308     0.57935     0.18321 
    44.727860     0.38854     0.12287 
    44.811296     0.47173     0.14917 
    44.909633     0.29196     0.09233 
    45.023024     0.33539     0.10606 
    45.131044     0.31873     0.10079 
    45.234714     0.36386     0.11506 
    45.322864     0.44114     0.13950 
    45.403447     0.42976     0.13590 
    45.488469     0.39544     0.12505 
    45.573860     0.42431     0.13418 
    45.661165     0.37761     0.11941 
    45.758757     0.33809     0.10691 
    45.869414     0.29296     0.09264 
    46.020440     0.18835     0.05956 
    46.168787     0.30485     0.09640 
    46.304051     0.21831     0.06903 
    46.439360     0.30283     0.09576 
    46.537453     0.41195     0.13027 
    46.634850     0.30532     0.09655 
    46.736207     0.37448     0.11842 
    46.828900     0.35983     0.11379 
    46.922226     0.36789     0.11634 
    47.019797     0.32880     0.10398 
    47.105698     0.49068     0.15517 
    47.186036     0.36735     0.11617 
    47.271368     0.42702     0.13504 
    47.338678     0.60279     0.19062 
    47.399122     0.51567     0.16307 
    47.461899     0.55483     0.17545 
    47.529898     0.44317     0.14014 
    47.589146     0.77891     0.24631 
    47.645700     0.47603     0.15053 
    47.727260     0.35876     0.11345 
    47.821125     0.35114     0.11104 
    47.913503     0.36918     0.11674 
    47.985438     0.61542     0.19461 
    48.057246     0.36911     0.11672 
    48.116977     1.11217     0.35170 
    48.163710     0.51856     0.16398 
    48.233224     0.43818     0.13856 
    48.325763     0.30002     0.09487 
    48.455537     0.21930     0.06935 
    48.569943     0.41461     0.13111 
    48.657121     0.34315     0.10851 
    48.741493     0.44472     0.14063 
    48.851479     0.22231     0.07030 
    48.946612     0.74381     0.23521 
    49.025939     0.28244     0.08932 
    49.133410     0.32392     0.10243 
    49.251829     0.23615     0.07468 
    49.348391     0.57301     0.18120 
    49.415431     0.41399     0.13092 
    49.500088     0.35133     0.11110 
    49.618940     0.21942     0.06939 
    49.738227     0.34635     0.10953 
    49.824967     0.39391     0.12456 
    49.908845     0.36796     0.11636 
    49.976655     0.65051     0.20571 
