#  rad density density_err 
     0.445501   173.58487    98.37245 
     0.719198    61.30725    47.17069 
     0.724184    51.94119    26.08275 
     0.948088    17.35849     1.20871 
     0.997353    23.30837    15.13756 
     1.044356    17.04166     5.90569 
     1.438298    10.36363    13.99070 
     1.448267     7.71813     5.93844 
     4.026333     0.16244     0.05137 
     6.841041     0.07279     0.02302 
     9.948669     0.05299     0.01676 
    13.078054     0.03757     0.01188 
    15.227089     0.09874     0.03122 
    16.869583     0.04237     0.01340 
    19.128071     0.03633     0.01149 
    21.268250     0.03761     0.01189 
    22.824353     0.06213     0.01965 
    23.831050     0.07495     0.02370 
    24.877173     0.05858     0.01766 
    25.945855     0.06553     0.02072 
    26.685894     0.10964     0.03467 
    27.528667     0.05064     0.01601 
    28.416495     0.08833     0.02793 
    29.014779     0.09752     0.03084 
    29.772884     0.05605     0.01772 
    30.530157     0.09295     0.02939 
    31.180494     0.06899     0.02182 
    31.993422     0.05615     0.01775 
    32.640834     0.11927     0.03772 
    32.933176     0.30225     0.09113 
    33.293439     0.08777     0.02776 
    33.930641     0.06428     0.02033 
    34.527041     0.09955     0.03148 
    35.171185     0.05483     0.01734 
    35.821496     0.09346     0.02956 
    36.265365     0.10643     0.03366 
    36.692175     0.09830     0.03109 
    37.171057     0.08290     0.02621 
    37.649675     0.09592     0.03033 
    38.002481     0.15811     0.05000 
    38.285546     0.15179     0.04577 
    38.674494     0.08634     0.02730 
    39.277872     0.05550     0.01755 
    39.889870     0.08078     0.02555 
    40.302409     0.11924     0.03771 
    40.766224     0.06546     0.02070 
    41.319717     0.07544     0.02386 
    41.872199     0.06394     0.02022 
    42.498085     0.05697     0.01802 
    43.118333     0.06330     0.02002 
    43.620142     0.08677     0.02744 
    44.064170     0.08497     0.02562 
    44.506732     0.08564     0.02708 
    44.930553     0.08236     0.02604 
    45.352760     0.08470     0.02678 
    45.863044     0.05724     0.01810 
    46.455858     0.05913     0.01870 
    46.867536     0.13918     0.04401 
    47.211766     0.07584     0.02398 
    47.655307     0.07546     0.02386 
    48.143434     0.06195     0.01959 
    48.542575     0.12389     0.03918 
    48.915422     0.07440     0.02243 
    49.276242     0.13425     0.04245 
    49.584024     0.08560     0.02707 
    49.924078     0.10448     0.03304 
    50.445501     0.04277     0.01352 
    51.049157     0.06639     0.02099 
    51.548247     0.05841     0.01847 
    52.015915     0.07522     0.02379 
    52.365901     0.10365     0.03278 
    52.773574     0.05776     0.01827 
    53.125633     0.16461     0.05205 
    53.423421     0.07924     0.02389 
    53.826136     0.07546     0.02386 
    54.139529     0.12513     0.03957 
    54.424142     0.08748     0.02766 
    54.727269     0.10693     0.03381 
    55.018194     0.09335     0.02952 
    55.319136     0.09853     0.03116 
    55.578144     0.12670     0.04007 
    55.835572     0.09868     0.03121 
    56.120680     0.10079     0.03187 
    56.364439     0.13698     0.04332 
    56.639786     0.08971     0.02705 
    56.947493     0.10318     0.03263 
    57.236573     0.09049     0.02861 
    57.544965     0.08937     0.02826 
    57.818657     0.11571     0.03659 
    58.094724     0.08718     0.02757 
    58.349081     0.14025     0.04435 
    58.592659     0.09281     0.02935 
    58.830207     0.14830     0.04690 
    59.132499     0.06375     0.02016 
    59.554695     0.06962     0.02099 
    59.974455     0.06359     0.02011 
    60.290792     0.12256     0.03876 
    60.481202     0.15906     0.05030 
    60.768242     0.06409     0.02027 
    61.057616     0.15323     0.04846 
    61.288167     0.08924     0.02822 
    61.509721     0.17010     0.05379 
    61.703698     0.10937     0.03458 
    61.888311     0.19280     0.06097 
    62.071412     0.11013     0.03483 
    62.258325     0.18129     0.05733 
