#  rad density density_err 
     0.249947     2.34662     0.09772 
     0.499860     2.26174     0.06269 
     0.749633     2.15994     0.02989 
     0.868658     1.57922     0.69323 
     0.999652     2.02508     0.02802 
     1.249824     1.88123     0.05214 
     1.499163     1.74760     0.12169 
     1.685966     1.16531     0.51153 
     1.749237     1.60858     0.18013 
     1.999166     1.48062     0.27187 
     2.289852     0.22968     0.06925 
     4.906969     0.17022     0.05383 
     6.570697     0.17034     0.05387 
     7.693510     0.25116     0.07942 
     8.393530     0.32897     0.10403 
     8.916154     0.38072     0.12039 
     9.424390     0.30838     0.09752 
    10.127681     0.18295     0.05785 
    10.728065     0.43403     0.13725 
    11.011109     0.64446     0.20380 
    11.365247     0.28934     0.09150 
    11.838725     0.29038     0.09183 
    12.405432     0.19135     0.06051 
    12.896410     0.39618     0.12528 
    13.349964     0.20016     0.06330 
    13.833715     0.30936     0.09783 
    14.150840     0.42869     0.13556 
    14.497107     0.25521     0.08070 
    14.874821     0.32896     0.10403 
