#  rad density density_err 
     1.065184     1.00002     0.30152 
     2.045246     2.45805     0.77730 
     2.518616     1.00279     0.31711 
     3.107197     0.93640     0.29612 
     3.534886     1.46004     0.46171 
     3.890729     1.01426     0.32074 
     4.261867     1.10170     0.34839 
     4.632803     0.85266     0.26963 
     4.971817     1.16353     0.36794 
     5.244736     1.12094     0.35447 
     5.440799     2.40937     0.76191 
     5.644902     0.98308     0.31088 
     5.880485     1.46796     0.46421 
     6.030420     2.28507     0.72260 
     6.194475     1.20844     0.38214 
     6.345481     2.80559     0.88720 
     6.461193     1.73438     0.54846 
     6.630219     1.22455     0.38724 
     6.833232     1.10911     0.35073 
     7.007283     1.64466     0.52009 
     7.160759     1.31630     0.41625 
     7.343325     1.10421     0.34918 
     7.506145     1.63909     0.51832 
     7.630105     1.75934     0.55635 
     7.797216     0.94647     0.29930 
     7.966106     1.63604     0.51736 
     8.104854     1.26382     0.39965 
     8.242487     1.61060     0.50932 
     8.391948     1.05930     0.33498 
     8.534120     1.77090     0.56001 
     8.654128     1.36524     0.43173 
     8.787895     1.36346     0.43116 
     8.974370     0.73856     0.23355 
     9.189915     0.90688     0.28678 
     9.361065     1.12346     0.35527 
     9.513243     1.09331     0.34573 
     9.640313     1.63266     0.51629 
     9.757713     1.34212     0.40466 
     9.906347     0.98212     0.31057 
    10.054003     1.20173     0.38002 
    10.200549     0.96691     0.30576 
    10.337276     1.37357     0.43436 
    10.463582     1.08240     0.34229 
    10.591534     1.30236     0.41184 
    10.697133     1.55275     0.49102 
    10.796405     1.43504     0.45380 
    10.905187     1.27086     0.40188 
    11.021847     1.21875     0.38540 
    11.180587     0.71533     0.22621 
    11.354359     0.94362     0.29840 
    11.495689     1.03230     0.32644 
    11.608486     1.49873     0.47394 
    11.705474     1.32654     0.41949 
    11.799469     1.57771     0.49892 
    11.871729     2.27116     0.71820 
    11.955203     1.23358     0.39009 
    12.076707     0.97555     0.30850 
    12.186806     1.53448     0.48524 
    12.284508     1.17463     0.37145 
    12.372575     1.95387     0.61787 
    12.492949     0.72834     0.23032 
    12.638211     1.08926     0.34445 
    12.726752     2.03442     0.64334 
    12.840317     0.74821     0.23661 
    12.979962     1.07909     0.34124 
    13.107218     0.86189     0.27255 
    13.226553     1.23054     0.38913 
    13.345841     0.84703     0.26786 
    13.469928     1.10033     0.34795 
    13.577630     1.08514     0.34315 
    13.676217     1.30533     0.41278 
    13.786313     0.88098     0.27859 
    13.875383     2.43539     0.77014 
    13.945553     1.22398     0.38706 
    14.040784     1.16593     0.36870 
