#  rad density density_err 
     0.678377     2.85980     0.73840 
     1.573756     2.52739     0.67547 
     1.991930     4.05062     1.08257 
     2.337865     2.29264     0.61273 
     2.719221     2.36142     0.63112 
     3.016660     2.97978     0.79638 
     3.314004     1.93867     0.51813 
     3.617182     2.37335     0.63430 
     3.870488     2.33009     0.62274 
     4.158420     1.62962     0.43554 
     4.491663     1.46902     0.39261 
     4.749323     2.64116     0.70588 
     4.956860     1.89315     0.50597 
     5.136441     3.56385     0.95248 
     5.326397     1.62023     0.43302 
     5.559027     1.93566     0.51733 
     5.775271     1.71156     0.45743 
     5.962572     2.50486     0.66945 
     6.111784     2.44289     0.65289 
     6.270775     2.10571     0.56277 
     6.435965     2.14190     0.57245 
     6.598159     2.07488     0.55453 
     6.804921     1.30572     0.34897 
     7.022245     1.72560     0.46119 
     7.221782     1.43374     0.38318 
     7.426380     1.54655     0.41333 
     7.592162     2.13346     0.57019 
     7.722417     2.34679     0.62721 
     7.869762     1.64858     0.44060 
     8.039652     1.64930     0.44079 
     8.202611     1.72057     0.45984 
     8.372506     1.46296     0.39099 
     8.547750     1.54631     0.41327 
     8.677366     2.83249     0.75701 
     8.769739     2.70037     0.72170 
     8.918770     1.22481     0.32734 
     9.072986     2.35107     0.62835 
     9.207742     1.46609     0.39183 
     9.365432     1.58269     0.42299 
     9.511564     1.65040     0.44109 
     9.637299     2.11089     0.56416 
     9.739730     2.39968     0.64134 
     9.844526     1.98093     0.52943 
     9.972523     1.57637     0.42130 
    10.104216     1.81275     0.48448 
    10.229271     1.69563     0.45317 
    10.351835     1.84496     0.49309 
    10.485570     1.40910     0.37660 
    10.621607     1.72986     0.46232 
    10.724078     2.48311     0.66364 
    10.809333     2.37387     0.63444 
    10.924386     1.42360     0.38047 
    11.090186     1.06684     0.28513 
    11.224021     2.50195     0.66867 
    11.320419     1.73492     0.46368 
    11.462224     1.14242     0.30532 
    11.593246     2.09171     0.55903 
    11.687044     1.99192     0.53236 
    11.779262     2.13206     0.56982 
    11.855948     2.90695     0.77691 
    11.948826     1.53977     0.41152 
    12.044618     2.62484     0.70152 
    12.113315     2.74887     0.73467 
    12.193267     1.96519     0.52522 
    12.298034     1.55457     0.41548 
    12.397565     2.17811     0.58213 
    12.495326     1.57794     0.42172 
    12.598579     1.89158     0.50555 
    12.715050     1.25669     0.33586 
    12.836989     1.66207     0.44421 
    12.934465     1.90306     0.50862 
    13.026722     1.81976     0.48635 
    13.106520     2.59150     0.69261 
    13.165518     3.23014     0.86329 
    13.223438     2.65582     0.70980 
    13.298095     1.95134     0.52152 
    13.384261     1.92537     0.51458 
    13.470281     1.93293     0.51660 
    13.549206     2.27541     0.60813 
    13.622784     2.18424     0.58376 
    13.693932     2.41364     0.64507 
    13.752742     3.22701     0.86245 
    13.803009     3.20758     0.85726 
    13.856728     2.81547     0.75247 
    13.930291     1.77701     0.47493 
    14.020353     1.76359     0.47134 
    14.105359     1.97710     0.52840 
    14.178652     2.35648     0.62980 
    14.244084     2.43750     0.65145 
    14.299589     3.32710     0.88920 
    14.360695     2.05839     0.55013 
    14.439150     1.89267     0.50584 
    14.523022     1.77960     0.47562 
    14.610181     1.73098     0.46262 
    14.694446     1.88541     0.50390 
    14.778224     1.73040     0.46247 
    14.860784     1.92258     0.51383 
    14.947852     1.55032     0.41434 
    15.041204     1.63590     0.43721 
    15.127078     1.81413     0.48485 
    15.222283     1.34024     0.35820 
    15.300948     3.02660     0.80889 
    15.360712     2.03123     0.54287 
    15.439480     1.67570     0.44785 
    15.519818     1.92572     0.51467 
    15.598822     1.71162     0.45745 
    15.669074     2.49260     0.66617 
    15.735232     1.88136     0.50281 
    15.822577     1.41641     0.37855 
    15.910147     1.84959     0.49432 
    15.992683     1.55924     0.41672 
    16.076746     1.75945     0.47023 
    16.167803     1.33359     0.35642 
    16.243093     2.90392     0.77610 
    16.307719     1.66600     0.44526 
    16.411519     1.08107     0.28893 
    16.507345     2.04313     0.54605 
    16.592763     1.28172     0.34255 
    16.668768     2.82962     0.75625 
    16.757511     1.02089     0.27284 
    16.853715     2.12679     0.56841 
    16.908935     2.72950     0.72949 
    16.979245     1.42111     0.37981 
    17.045025     3.33331     0.89086 
    17.121219     1.14994     0.30733 
    17.206484     2.25765     0.60338 
    17.269266     1.89176     0.50559 
    17.342246     1.65234     0.44161 
    17.418378     1.71693     0.45887 
    17.484289     2.22343     0.59424 
    17.558158     1.40345     0.37509 
    17.640182     1.71557     0.45851 
    17.700972     2.62505     0.70157 
    17.775270     1.24550     0.33287 
    17.882496     1.09483     0.29260 
    17.980903     1.49289     0.39899 
    18.051075     2.15278     0.57535 
    18.106365     2.31138     0.61774 
    18.190408     1.06659     0.28506 
    18.270515     2.68796     0.71839 
    18.333632     1.50297     0.40168 
    18.413559     1.53192     0.40942 
    18.474209     2.85056     0.76184 
    18.517626     2.70258     0.72230 
    18.575883     1.66617     0.44530 
    18.649756     1.57714     0.42151 
    18.726264     1.54002     0.41159 
    18.807319     1.39632     0.37318 
    18.886349     1.61145     0.43068 
    18.954916     1.83902     0.49150 
    19.016864     1.95356     0.52211 
    19.085969     1.49226     0.39882 
    19.170262     1.28638     0.34380 
    19.254318     1.48827     0.39776 
    19.335023     1.37760     0.36818 
    19.413235     1.57722     0.42153 
    19.475068     2.24797     0.60080 
    19.555478     1.03655     0.27703 
    19.643380     1.72173     0.46015 
    19.704853     1.98164     0.52961 
    19.751566     3.10214     0.82908 
    19.798525     1.95551     0.52263 
    19.854933     2.03063     0.54271 
    19.918683     1.54859     0.41388 
    19.989293     1.61586     0.43186 
    20.048081     2.28724     0.61129 
    20.104356     1.73284     0.46312 
    20.166177     1.85129     0.49478 
    20.230840     1.58142     0.42265 
    20.288389     2.41627     0.64577 
    20.340825     1.84353     0.49270 
    20.396713     2.08647     0.55763 
    20.456245     1.63287     0.43640 
    20.512342     2.38805     0.63823 
    20.585657     1.07016     0.28601 
    20.671655     1.52128     0.40658 
    20.737648     1.75762     0.46974 
    20.791441     2.30687     0.61654 
    20.861455     1.14145     0.30506 
    20.946368     1.39502     0.37283 
    21.012923     1.86503     0.49845 
    21.071777     1.73767     0.46441 
    21.122525     2.59541     0.69365 
    21.163464     2.55329     0.68240 
    21.210629     1.97852     0.52878 
    21.272142     1.49786     0.40032 
    21.336707     1.76400     0.47145 
    21.395343     1.79332     0.47928 
    21.447542     2.24264     0.59937 
    21.497223     1.95428     0.52230 
    21.542966     2.68997     0.71892 
    21.584036     2.36282     0.63149 
    21.632639     1.92471     0.51440 
    21.673792     3.57070     0.95431 
    21.721384     1.54503     0.41293 
    21.776418     2.34279     0.62614 
    21.827591     1.73983     0.46499 
    21.888301     1.62235     0.43359 
    21.958343     1.31208     0.35067 
    22.019197     2.28058     0.60951 
    22.070731     1.71997     0.45968 
    22.122598     2.23635     0.59769 
    22.163334     2.75930     0.73745 
    22.222083     1.23691     0.33058 
    22.302821     1.24240     0.33204 
    22.381933     1.27943     0.34194 
    22.465861     1.10143     0.29437 
    22.523247     4.00094     1.06930 
    22.562950     1.80602     0.48268 
    22.616046     1.91262     0.51117 
    22.678092     1.35369     0.36179 
    22.733733     2.53250     0.67684 
    22.782344     1.67127     0.44667 
    22.839663     1.73844     0.46462 
    22.901518     1.43942     0.38470 
    22.952543     2.81713     0.75291 
    22.977833     6.01599     1.60784 
    23.013450     1.75663     0.46948 
    23.082842     1.15375     0.30835 
    23.147068     2.14936     0.57444 
    23.185992     2.90658     0.77682 
    23.212986     4.58715     1.22597 
    23.253950     1.57073     0.41979 
    23.310689     1.82154     0.48683 
    23.362718     1.84893     0.49415 
    23.407344     2.52712     0.67540 
    23.442319     2.94423     0.78688 
    23.477527     2.48888     0.66518 
    23.521464     1.90436     0.50896 
    23.578931     1.44959     0.38742 
    23.641639     1.56488     0.41823 
    23.699231     1.71076     0.45722 
    23.760030     1.40723     0.37610 
    23.824355     1.50824     0.40309 
    23.895779     1.15347     0.30828 
    23.968394     1.44373     0.38585 
    24.026037     1.82221     0.48701 
    24.077483     1.77968     0.47564 
    24.145091     1.10895     0.29638 
    24.208866     2.07608     0.55486 
    24.266995     1.27661     0.34119 
    24.331029     1.63106     0.43592 
    24.377470     2.48814     0.66498 
    24.433849     1.19953     0.32059 
    24.489613     2.56250     0.68486 
    24.530512     1.96218     0.52441 
    24.573077     2.33478     0.62400 
    24.609627     2.64241     0.70621 
    24.651686     1.81305     0.48456 
    24.690506     3.24759     0.86795 
    24.722935     2.43131     0.64980 
    24.764555     1.94871     0.52081 
    24.805646     2.49430     0.66663 
    24.857707     1.31607     0.35174 
    24.916702     1.79279     0.47914 
    24.962049     2.18711     0.58453 
    25.004051     2.06314     0.55140 
    25.042538     2.63386     0.70393 
    25.080048     2.15434     0.57577 
    25.123115     1.97549     0.52797 
    25.182862     1.18610     0.31700 
    25.246524     1.67383     0.44735 
    25.293615     2.12501     0.56793 
    25.337451     1.90275     0.50853 
    25.382771     1.97607     0.52813 
    25.426098     2.07510     0.55459 
    25.471656     1.78946     0.47825 
    25.519649     1.85365     0.49541 
    25.554369     3.90375     1.04332 
    25.588924     1.86161     0.49754 
    25.634017     2.00227     0.53513 
    25.681477     1.68443     0.45018 
    25.723124     2.72516     0.72833 
    25.765396     1.63916     0.43808 
    25.819338     1.56549     0.41839 
    25.869680     1.89052     0.50526 
    25.923486     1.38513     0.37019 
    25.967079     3.41427     0.91250 
    26.000464     2.05815     0.55006 
    26.038187     2.53111     0.67647 
    26.074478     2.20396     0.58903 
    26.129163     1.20791     0.32283 
    26.193148     1.48267     0.39626 
    26.242613     2.04328     0.54609 
    26.283065     2.15434     0.57577 
    26.322016     2.19586     0.58687 
    26.378056     1.14878     0.30702 
    26.434999     2.08867     0.55822 
    26.469639     2.91030     0.77781 
    26.504634     2.04715     0.54712 
    26.548724     1.78137     0.47609 
    26.607707     1.18189     0.31587 
    26.659702     2.52238     0.67413 
    26.692833     2.51969     0.67341 
    26.739613     1.37890     0.36853 
    26.796373     1.56631     0.41861 
    26.832792     4.20461     1.12373 
    26.865435     1.82128     0.48676 
    26.912312     1.71717     0.45893 
    26.953703     2.39154     0.63917 
    26.991547     2.00747     0.53652 
    27.033168     1.95687     0.52299 
    27.070474     2.53322     0.67703 
    27.102295     2.63927     0.70537 
    27.140695     1.79840     0.48064 
    27.182023     2.21511     0.59201 
    27.220292     2.07062     0.55340 
    27.263754     1.72451     0.46089 
    27.320787     1.22320     0.32691 
    27.371033     2.40712     0.64333 
    27.412510     1.65426     0.44212 
    27.455790     2.16850     0.57956 
    27.495613     1.91937     0.51297 
    27.532092     2.63290     0.70367 
    27.571594     1.67437     0.44749 
    27.623712     1.44111     0.38515 
    27.672633     1.92303     0.51395 
    27.720118     1.51379     0.40458 
    27.765464     2.13476     0.57054 
    27.799650     2.60400     0.69595 
    27.840190     1.59109     0.42524 
    27.878365     3.06838     0.82006 
    27.916754     1.57331     0.42048 
    27.962723     1.93370     0.51680 
    28.006267     1.73409     0.46346 
    28.055494     1.51062     0.40373 
    28.100501     2.11787     0.56602 
    28.148958     1.33094     0.35571 
    28.201427     1.73786     0.46446 
    28.248660     1.60964     0.43019 
    28.286439     2.96651     0.79283 
    28.320454     1.89687     0.50696 
    28.362715     1.82503     0.48776 
    28.405654     1.83140     0.48946 
    28.451255     1.61907     0.43271 
    28.494562     2.04469     0.54647 
    28.536379     1.72022     0.45975 
    28.573320     2.73702     0.73150 
    28.607162     1.98734     0.53114 
    28.642342     2.49592     0.66706 
    28.677544     1.98021     0.52923 
    28.718858     1.78805     0.47788 
    28.760894     1.90436     0.50896 
    28.801538     1.90520     0.50918 
    28.842507     1.86916     0.49955 
    28.893923     1.25386     0.33511 
    28.942706     2.13467     0.57051 
    28.985157     1.57408     0.42069 
    29.031412     1.75736     0.46967 
    29.066234     2.95175     0.78889 
    29.093897     2.60887     0.69725 
    29.127358     2.03637     0.54424 
    29.178035     1.19715     0.31995 
    29.226862     2.25114     0.60164 
    29.264698     1.82121     0.48674 
    29.308157     1.68531     0.45042 
    29.364403     1.12612     0.30097 
    29.426058     1.35393     0.36185 
    29.480734     1.41471     0.37810 
    29.531406     1.57451     0.42080 
    29.569098     2.74376     0.73330 
    29.592470     3.90552     1.04379 
    29.625496     1.60800     0.42976 
    29.682922     1.10263     0.29469 
    29.729663     2.95030     0.78850 
    29.758547     2.31348     0.61830 
    29.794593     1.88243     0.50310 
    29.830004     2.40224     0.64203 
    29.863192     2.11472     0.56518 
    29.897932     2.17925     0.58243 
    29.927655     2.94882     0.78811 
    29.968125     1.33506     0.35681 
    30.017637     1.71301     0.45782 
    30.062879     1.57189     0.42011 
    30.103426     2.18064     0.58280 
    30.138728     2.01659     0.53896 
    30.188719     1.16559     0.31152 
    30.236780     2.24675     0.60047 
