#  rad density density_err 
     0.534314    13.26539     2.09744 
     1.228275    10.31862     1.65230 
     1.755605     6.25854     1.00217 
     2.431067     3.24834     0.52015 
     3.189534     2.66247     0.42634 
     3.951945     1.97838     0.31679 
     4.771062     1.54083     0.24673 
     5.434724     2.36468     0.37865 
     5.991854     1.64099     0.26277 
     6.554071     1.92037     0.30751 
     6.967659     2.66704     0.42707 
     7.373487     1.76243     0.28221 
     7.779524     2.44690     0.38689 
     8.179082     1.63314     0.26151 
     8.655600     1.46843     0.23514 
     9.029936     2.64053     0.42282 
     9.314326     2.16042     0.34594 
     9.626173     2.04548     0.32754 
     9.957220     1.79719     0.28778 
    10.339544     1.43690     0.23009 
    10.736626     1.53602     0.24596 
    11.101198     1.58498     0.25380 
    11.429452     1.78797     0.28630 
    11.721708     1.88596     0.30200 
    12.005292     1.85161     0.29276 
    12.261242     2.24483     0.35946 
    12.505969     1.88043     0.30111 
    12.785032     1.65031     0.26426 
    13.058493     1.88070     0.30115 
    13.339518     1.50435     0.24089 
    13.606357     2.03321     0.32557 
    13.867031     1.50722     0.24135 
    14.127089     1.96906     0.31530 
    14.347292     1.99121     0.31885 
    14.556167     2.12699     0.34059 
    14.767481     1.89207     0.30297 
    15.001778     1.72193     0.27226 
    15.272424     1.37842     0.22072 
    15.521774     1.96166     0.31412 
    15.720287     2.04401     0.32730 
    15.908717     2.12404     0.34012 
    16.104262     1.85839     0.29758 
    16.286102     2.43874     0.39051 
    16.468431     1.80875     0.28963 
    16.666033     1.99350     0.31922 
    16.853078     1.96677     0.31493 
    17.044374     1.86438     0.29854 
    17.238536     1.86570     0.29875 
    17.409470     2.45626     0.38837 
    17.587842     1.69777     0.27186 
    17.776519     2.06020     0.32990 
    17.949614     1.95694     0.31336 
    18.129855     1.86295     0.29831 
    18.309792     1.92508     0.30826 
    18.506445     1.54413     0.24726 
    18.685654     2.35244     0.37669 
    18.851464     1.72918     0.27689 
    19.019924     2.22752     0.35669 
    19.192379     1.63006     0.26102 
    19.395065     1.54630     0.24761 
    19.615931     1.38240     0.21858 
    19.848723     1.35483     0.21695 
    20.040272     2.03392     0.32569 
    20.199143     1.85721     0.29739 
    20.373914     1.65498     0.26501 
    20.562869     1.55737     0.24938 
    20.767830     1.38307     0.22147 
    20.944831     2.14895     0.34411 
    21.083076     2.12441     0.34018 
    21.227989     1.93331     0.30958 
    21.366520     2.30888     0.36972 
    21.495363     2.18984     0.35066 
    21.645876     1.73861     0.27490 
    21.791463     2.33451     0.37382 
    21.939799     1.61978     0.25937 
    22.116875     1.56357     0.25037 
    22.287303     1.72591     0.27637 
    22.425895     2.38973     0.38266 
    22.582664     1.39017     0.22261 
    22.769011     1.55795     0.24947 
    22.930082     1.83943     0.29454 
    23.085596     1.64080     0.26274 
    23.234711     1.98823     0.31837 
    23.395017     1.42452     0.22811 
    23.549982     2.18568     0.34559 
    23.661521     2.63916     0.42260 
    23.773802     2.08597     0.33402 
    23.897931     2.11000     0.33787 
    24.040814     1.58719     0.25415 
    24.186095     2.00665     0.32132 
    24.314916     1.96747     0.31505 
    24.463848     1.50922     0.24167 
    24.614142     1.90359     0.30482 
    24.745452     1.92732     0.30862 
    24.864911     2.29501     0.36750 
    24.985603     1.87332     0.29997 
    25.115174     2.00332     0.31675 
    25.243032     1.90340     0.30479 
    25.370020     1.96058     0.31394 
    25.508591     1.59716     0.25575 
    25.643603     2.05701     0.32938 
    25.780795     1.53632     0.24601 
    25.915102     2.14043     0.34274 
    26.039545     1.74010     0.27864 
    26.204443     1.22852     0.19672 
    26.374732     1.59262     0.25502 
    26.505155     2.07100     0.33162 
    26.646650     1.37093     0.21953 
    26.783131     2.30664     0.36471 
    26.887517     2.18349     0.34964 
    26.998094     1.99181     0.31894 
    27.106207     2.27170     0.36376 
    27.206102     2.30478     0.36906 
    27.319635     1.77395     0.28406 
    27.437436     2.10392     0.33690 
    27.537547     2.43161     0.38937 
    27.628315     2.52886     0.40494 
    27.742160     1.61137     0.25803 
    27.865657     2.05979     0.32983 
    27.980112     1.83688     0.29414 
    28.087849     2.39323     0.37840 
    28.185437     2.19194     0.35099 
    28.292105     1.94381     0.31126 
    28.394069     2.40058     0.38440 
    28.492129     2.07365     0.33205 
    28.593168     2.23750     0.35829 
    28.698468     1.90424     0.30492 
    28.812620     1.87780     0.30069 
    28.933011     1.70183     0.27251 
    29.049080     2.01429     0.32254 
    29.149087     2.26692     0.36300 
    29.241229     2.34942     0.37621 
    29.344935     1.85324     0.29302 
    29.453158     2.12048     0.33955 
    29.558643     1.88190     0.30134 
    29.672328     1.80666     0.28930 
    29.769267     2.67000     0.42754 
    29.874288     1.57464     0.25214 
    29.983507     2.39350     0.38327 
    30.077340     2.03972     0.32662 
    30.183141     1.86228     0.29820 
    30.290188     1.97673     0.31653 
    30.390239     2.11791     0.33914 
    30.492268     1.89147     0.30288 
    30.604244     1.78814     0.28273 
    30.715336     1.90910     0.30570 
    30.816925     2.06953     0.33139 
    30.924188     1.71259     0.27423 
    31.032151     2.02603     0.32442 
    31.126356     2.22351     0.35605 
    31.214842     2.27807     0.36478 
    31.289310     3.21787     0.51527 
    31.370235     1.97468     0.31620 
    31.478894     1.68360     0.26959 
    31.575850     2.55982     0.40990 
    31.662922     2.01371     0.32245 
    31.758378     2.08895     0.33450 
