#  rad density density_err 
     0.315085    17.69306     4.56833 
     0.634851    16.61035     4.43930 
     0.834368    14.22476     3.80173 
     1.053313     8.45631     2.26004 
     1.246229    13.17783     3.52192 
     1.398607     9.42244     2.51825 
     1.581798     7.13943     1.90809 
     1.759234     8.03810     2.14827 
     1.888664    11.64726     3.11286 
     2.005944     8.33494     2.22761 
     2.143919     7.28396     1.94672 
     2.274172     8.31565     2.22245 
     2.414592     5.66074     1.51290 
     2.577866     5.28547     1.41260 
     2.742355     4.91097     1.31251 
     2.881804     6.81512     1.82142 
     3.023892     4.31605     1.15351 
     3.159919     6.95882     1.85982 
     3.310063     3.38339     0.90425 
     3.461788     6.15974     1.64626 
     3.571324     5.44511     1.45527 
     3.669800     7.37123     1.97004 
     3.784736     3.99129     1.06672 
     3.888028     9.69984     2.59239 
     3.979152     4.54640     1.21508 
     4.077775     7.37588     1.97129 
     4.169609     4.87640     1.30327 
     4.273620     5.29656     1.41557 
     4.366240     5.87908     1.57125 
     4.450569     6.11617     1.63461 
     4.547284     4.39179     1.17375 
     4.640800     6.36265     1.70049 
     4.716025     6.30032     1.68383 
     4.798396     5.17394     1.38279 
     4.889774     4.89940     1.30942 
     4.967115     7.27340     1.94390 
     5.055109     3.85580     1.03051 
     5.143335     6.97191     1.86332 
     5.217383     4.96827     1.32783 
     5.295441     5.99768     1.60295 
     5.386417     3.70012     0.98890 
     5.473157     6.60015     1.76396 
     5.541590     5.34801     1.42932 
     5.611466     6.14949     1.64352 
     5.672596     6.80890     1.81975 
     5.739161     5.14618     1.37538 
     5.802626     7.45807     1.99325 
     5.857860     6.44894     1.72355 
     5.939305     3.61049     0.96494 
     6.029685     4.80834     1.28508 
     6.110407     4.31072     1.15209 
     6.191290     4.66337     1.24634 
     6.262639     5.42975     1.45116 
     6.346216     3.45478     0.92333 
     6.429734     5.29810     1.41598 
     6.489922     6.24609     1.66934 
     6.560240     3.96467     1.05960 
     6.632801     5.65020     1.51008 
     6.684751     7.49987     2.00443 
     6.741083     4.84500     1.29488 
     6.823453     3.38329     0.90422 
     6.889881     8.89950     2.37849 
     6.936853     5.57603     1.49026 
     6.998478     4.85010     1.29624 
     7.057803     5.95589     1.59178 
     7.125913     3.75765     1.00427 
     7.214433     3.29168     0.87974 
     7.298055     4.15851     1.11141 
     7.354519     7.66828     2.04943 
     7.403447     5.15806     1.37855 
     7.456389     6.28657     1.68016 
     7.507022     5.52387     1.47632 
     7.559461     5.76305     1.54024 
     7.610125     5.83443     1.55932 
     7.659945     5.88167     1.57194 
     7.723502     3.71490     0.99285 
     7.802230     3.57877     0.95647 
     7.877575     3.98997     1.06636 
     7.943259     4.63823     1.23962 
     8.002877     4.73848     1.26641 
     8.082428     2.74735     0.73426 
     8.152632     6.82171     1.82318 
     8.206380     4.02655     1.07614 
     8.269642     4.55964     1.21861 
     8.316554     7.71393     2.06163 
     8.364204     4.39816     1.17546 
     8.431555     3.56481     0.95274 
     8.490976     5.86923     1.56862 
     8.537480     5.40380     1.44423 
     8.587657     4.98405     1.33204 
     8.642880     4.41539     1.18006 
     8.720377     2.64494     0.70689 
     8.811529     2.95065     0.78859 
     8.878193     5.26934     1.40829 
     8.944600     2.92428     0.78155 
     9.008362     5.84212     1.56137 
     9.053123     5.21611     1.39407 
     9.096482     6.19629     1.65603 
     9.150998     3.50342     0.93633 
     9.216143     3.97708     1.06292 
     9.284519     3.15935     0.84437 
     9.349079     4.48338     1.19823 
     9.427569     2.27643     0.60840 
     9.530020     2.31310     0.61820 
     9.603550     5.04603     1.34861 
     9.643447     6.83277     1.82613 
     9.688179     4.13290     1.10456 
     9.746436     3.75602     1.00384 
     9.815643     2.92727     0.78235 
     9.864223    11.51686     3.07801 
     9.899448     4.42763     1.18333 
     9.958706     3.30576     0.88350 
    10.020222     4.01755     1.07374 
    10.080350     3.40546     0.91015 
    10.132984     5.44834     1.45613 
    10.169961     6.52182     1.74303 
    10.217942     3.49640     0.93445 
    10.271982     4.74517     1.26820 
    10.314590     5.46848     1.46151 
    10.352440     5.94622     1.58920 
    10.404701     3.13423     0.83766 
    10.466820     3.80746     1.01759 
    10.521097     4.02303     1.07520 
    10.572148     4.26118     1.13885 
    10.630183     3.14678     0.84101 
    10.691505     3.71927     0.99402 
    10.741919     4.63079     1.23763 
    10.787623     4.74747     1.22579 
    10.835458     4.19193     1.12034 
    10.884147     4.23643     1.13223 
    10.932456     4.22012     1.12788 
    10.978453     4.64456     1.24131 
    11.028944     3.52678     0.94257 
    11.080209     4.44457     1.18786 
    11.118707     6.31165     1.68686 
    11.170435     2.78178     0.74346 
    11.234922     3.46312     0.92556 
    11.288565     3.94615     1.05465 
    11.330928     5.66592     1.51428 
    11.373883     3.82601     1.02254 
    11.416335     5.79100     1.54771 
    11.457461     4.00580     1.07059 
    11.496609     6.51500     1.74121 
    11.537927     3.65148     0.97590 
    11.584843     4.69751     1.25546 
    11.633927     3.34688     0.89449 
    11.678384     6.02056     1.60906 
    11.732684     2.46932     0.65995 
    11.787027     5.94863     1.58984 
    11.830614     3.39990     0.90866 
    11.890552     2.90617     0.77671 
    11.953493     3.03574     0.81133 
    12.003391     4.83499     1.29221 
    12.043248     4.47751     1.19666 
    12.086294     4.11759     1.10047 
    12.131617     4.00381     1.07006 
    12.170638     5.69102     1.52099 
    12.212256     3.57287     0.95489 
    12.274450     2.47584     0.66170 
    12.329793     4.83627     1.29255 
    12.377290     3.12385     0.83488 
    12.435213     3.07781     0.82258 
    12.501510     2.39630     0.64044 
    12.566865     3.14756     0.84122 
    12.632465     2.35586     0.62963 
    12.687149     5.09092     1.36061 
    12.731214     3.26336     0.87217 
    12.779605     4.04033     1.07982 
    12.832021     2.81531     0.75242 
    12.886544     3.65017     0.97555 
    12.925920     5.49288     1.46803 
    12.971837     2.84151     0.75942 
    13.025291     3.68212     0.98409 
    13.078670     2.82533     0.75510 
    13.127101     4.64228     1.24070 
    13.163518     4.66699     1.24730 
    13.208506     3.14098     0.83946 
    13.265123     2.82179     0.75416 
    13.319024     3.46533     0.92615 
    13.378495     2.35686     0.62990 
    13.444737     2.68083     0.71648 
    13.491933     5.07030     1.35509 
    13.531582     3.52406     0.94185 
    13.570346     5.33065     1.42468 
    13.612057     3.11080     0.83140 
    13.673753     2.30247     0.61536 
    13.735835     3.03820     0.81199 
    13.784533     3.67338     0.98175 
    13.834308     2.89964     0.77496 
    13.877042     5.36582     1.43407 
    13.920130     2.84554     0.76050 
    13.971164     3.48101     0.93034 
    14.027666     2.36412     0.63184 
    14.088448     2.90849     0.77733 
    14.136255     3.82243     1.02159 
    14.185045     2.78781     0.74507 
    14.233373     3.88346     1.03790 
    14.268389     5.25420     1.40424 
    14.303330     3.87902     1.03671 
    14.353073     2.61664     0.69933 
    14.393910     6.92761     1.85148 
    14.424469     3.98409     1.06479 
    14.462075     4.22790     1.12995 
    14.499502     4.00060     1.06920 
    14.543814     3.05113     0.81545 
    14.602914     2.24432     0.59982 
    14.659155     3.41608     0.91299 
    14.705745     3.11218     0.83176 
    14.752188     3.41704     0.91324 
    14.802285     2.68846     0.71852 
    14.859022     2.60863     0.69719 
    14.917234     2.53423     0.67730 
    14.967344     3.60637     0.96384 
    15.003421     4.81006     1.28554 
    15.031626     5.80518     1.55150 
    15.065738     3.46445     0.92591 
    15.100615     5.45207     1.45713 
    15.135915     3.38131     0.90369 
    15.175647     4.08685     1.09226 
    15.232319     1.88947     0.50498 
    15.300851     2.44140     0.65249 
    15.362227     2.29848     0.61429 
    15.425414     2.28302     0.61016 
    15.474567     4.10979     1.09839 
    15.522323     2.37359     0.63437 
    15.565337     5.60272     1.49739 
    15.607790     2.40515     0.64280 
    15.655975     3.84496     1.02761 
    15.698386     2.96895     0.79349 
    15.762950     1.73824     0.46456 
    15.828285     2.85244     0.76235 
    15.873213     3.46557     0.92621 
    15.909573     4.34764     1.16195 
    15.946893     3.29332     0.88018 
    15.991453     2.98405     0.79752 
    16.040302     2.72349     0.72788 
    16.082533     4.14084     1.10669 
    16.121131     3.16012     0.84458 
    16.173589     2.25183     0.60183 
    16.227708     2.91777     0.77981 
    16.283750     2.10431     0.56240 
    16.335444     3.55563     0.95028 
    16.372949     3.71336     0.99244 
    16.413910     2.99837     0.80135 
    16.457625     3.21164     0.85835 
    16.489614     6.19211     1.65491 
    16.523174     2.97699     0.79563 
    16.571757     2.59220     0.69280 
    16.615424     3.78144     1.01063 
    16.652315     3.49185     0.93324 
    16.699442     2.38544     0.63754 
    16.748060     3.22118     0.86090 
    16.786131     3.80992     1.01824 
    16.833700     2.19519     0.58669 
    16.890096     2.51305     0.67164 
