#  rad density density_err 
     6.586     0.35882     0.02697 
    14.443     0.51119     0.03853 
    17.794     0.54435     0.04092 
    20.501     0.54554     0.04112 
    22.766     0.61074     0.04591 
    24.712     0.60743     0.04579 
    26.542     0.58845     0.04436 
    28.176     0.67767     0.05094 
    29.568     0.72371     0.05455 
    30.946     0.62951     0.04732 
    32.465     0.54232     0.04088 
    33.928     0.62137     0.04671 
    35.058     0.86483     0.06519 
    35.961     0.88241     0.06651 
    36.822     0.91353     0.06867 
    37.642     0.92648     0.06984 
    38.406     1.01081     0.07598 
    39.127     1.00106     0.07546 
    39.834     1.01069     0.07597 
    40.492     1.12422     0.08474 
    41.126     1.04374     0.07868 
    41.757     1.10404     0.08298 
    42.359     1.11643     0.08415 
    42.953     1.10097     0.08275 
    43.544     1.09769     0.08274 
    44.135     1.07012     0.08044 
    44.738     1.02653     0.07738 
    45.313     1.14445     0.08627 
    45.881     1.03171     0.07755 
    46.448     1.12096     0.08450 
    47.012     1.01357     0.07618 
    47.560     1.16849     0.08808 
    48.074     1.11666     0.08393 
    48.540     1.42193     0.10718 
    48.990     1.15350     0.08695 
    49.481     1.17242     0.08812 
    49.931     1.35406     0.10207 
    50.342     1.37006     0.10298 
    50.768     1.24791     0.09406 
    51.195     1.33459     0.10031 
    51.597     1.38234     0.10420 
    51.969     1.53742     0.11589 
    52.346     1.33644     0.10045 
    52.746     1.33387     0.10054 
    53.125     1.47192     0.11064 
    53.489     1.42958     0.10776 
    53.868     1.33423     0.10029 
    54.290     1.14111     0.08601 
    54.700     1.38677     0.10453 
    55.135     1.02307     0.07690 
    55.603     1.15275     0.08689 
    56.058     1.06183     0.07981 
    56.506     1.17517     0.08858 
    56.946     1.07836     0.08105 
    57.409     1.04520     0.07878 
    57.858     1.12206     0.08458 
    58.354     0.85986     0.06463 
    58.932     0.80134     0.06040 
    59.537     0.76516     0.05751 
    60.283     0.53241     0.04013 
    61.136     0.55349     0.04160 
    62.025     0.47744     0.03599 
    63.068     0.38969     0.02937 
    64.274     0.34423     0.02587 
    65.680     0.27719     0.02089 
    67.296     0.24735     0.01859 
    68.892     0.27081     0.02041 
    70.651     0.19787     0.01487 
    72.588     0.20759     0.01565 
    75.829     0.07989     0.00602 
