#  rad density density_err 
     0.011012   561.91862   169.31720 
     0.013485   392.34979   100.71891 
     0.016514   403.34198    91.67482 
     0.020177   507.77747    64.08194 
     0.022691   812.21952   756.57141 
     0.024652   503.12213    49.21295 
     0.028698   675.57477   382.85565 
     0.029981   633.39324   287.96778 
     0.035962   599.34022   198.62104 
     0.036631   651.13857   306.29492 
     0.044859   694.50188   382.28215 
     0.045378   446.34783    69.09422 
     0.054809   633.39324   219.49893 
     0.056997   374.69114   188.15463 
     0.066965   561.91862    47.03199 
     0.071754   294.89908   308.14902 
     0.082007   700.92802   253.56863 
     0.090333   418.47876   210.14300 
     0.100196   834.97491   459.60423 
     0.113723   556.76692    94.19431 
     0.122419   727.23274   144.07646 
     0.143169   740.75301   114.66786 
     0.149571   782.84075   177.93037 
     0.180239   858.36781   258.64321 
     0.182746   700.92802    19.42791 
     0.223279   842.70083   253.92244 
     0.226907   882.41610   332.71606 
     0.272803   727.23274   144.07646 
     0.285660   476.07286   201.55620 
     0.333310   484.92372    68.11858 
     0.359624   747.60711   523.51036 
     0.407238   567.11799   312.16486 
     0.452740   335.48525     9.29878 
     0.497564   268.95116    18.72768 
     0.569966   159.10119    74.84104 
     0.607923   234.24667    84.74138 
     0.742760   142.45360    36.56883 
     0.907504    74.07530    11.46679 
     1.108789    79.73948    37.50937 
     1.134616    48.04779    13.76005 
     1.354718    47.17082     3.94815 
     2.150346     1.33623     0.42255 
     2.709544     1.04055     0.32905 
     3.270975     0.87142     0.27557 
     3.910884     0.56407     0.17838 
     4.445202     1.03127     0.32612 
     4.815252     0.84120     0.26601 
     5.245246     0.64964     0.20543 
     5.603733     1.13650     0.35939 
     5.851773     1.10481     0.34937 
     6.171380     0.65615     0.20749 
     6.532774     0.73882     0.23364 
     6.855510     0.73531     0.23253 
     7.176649     0.67912     0.21476 
     7.580311     0.43671     0.13810 
     7.949447     0.77750     0.24587 
     8.291350     0.45027     0.14239 
     8.653694     0.61637     0.19491 
     8.997199     0.45518     0.14394 
     9.297166     0.81012     0.25618 
     9.502081     0.84373     0.26681 
     9.691905     0.90660     0.28669 
     9.936543     0.51979     0.16437 
    10.209197     0.65733     0.20787 
    10.402385     1.02536     0.32425 
    10.588590     0.67344     0.21296 
    10.796645     0.76412     0.24164 
    10.991553     0.73539     0.23255 
    11.196927     0.66469     0.21019 
    11.394349     0.77172     0.24404 
    11.542537     1.19507     0.37792 
    11.680757     0.84598     0.26752 
    11.874981     0.58942     0.18639 
    12.085699     0.67863     0.21460 
    12.287962     0.61537     0.19460 
    12.449893     1.24019     0.37393 
    12.612372     0.59644     0.18861 
    12.814673     0.64341     0.20346 
    13.015891     0.58393     0.18465 
    13.237443     0.51447     0.16269 
    13.454377     0.59097     0.18688 
    13.632970     0.74350     0.23512 
    13.806430     0.60703     0.19196 
    13.953007     1.10473     0.34935 
    14.056761     1.08599     0.34342 
    14.185129     0.73584     0.23269 
    14.324382     0.88162     0.27879 
    14.507571     0.45643     0.14434 
    14.704959     0.70088     0.22164 
    14.872385     0.59311     0.18756 
    15.040902     0.67567     0.21367 
    15.181899     0.83606     0.26439 
    15.295568     1.02062     0.32275 
    15.401146     0.94630     0.29925 
    15.527106     0.71822     0.22712 
    15.671347     0.69672     0.22032 
    15.809057     0.77647     0.24554 
    15.934369     0.82568     0.26110 
    16.041455     1.06452     0.33663 
    16.183534     0.51500     0.16286 
    16.362586     0.58193     0.18402 
    16.516291     0.68701     0.21725 
    16.660582     0.64407     0.20367 
    16.786669     0.91291     0.28869 
    16.903084     0.73004     0.23086 
    17.047595     0.58332     0.18446 
    17.226415     0.46758     0.14786 
    17.389134     0.71590     0.22639 
    17.540762     0.51727     0.16358 
    17.670355     1.07509     0.33997 
    17.795195     0.53910     0.17048 
    17.980872     0.47390     0.14289 
    18.161577     0.56190     0.17769 
    18.270424     1.41107     0.44622 
    18.388181     0.49806     0.15750 
    18.527643     0.81698     0.25835 
    18.628115     0.89184     0.28203 
    18.755274     0.53532     0.16928 
    18.886790     0.80628     0.25497 
    19.000904     0.67706     0.21410 
    19.129175     0.62638     0.19808 
    19.289983     0.43703     0.13820 
    19.454913     0.57991     0.18338 
    19.567720     0.96204     0.30422 
    19.658152     0.84056     0.26581 
    19.752439     0.87339     0.27619 
    19.846369     0.83879     0.26525 
    19.952869     0.67947     0.21487 
    20.041587     1.32258     0.41824 
    20.121307     0.79578     0.25165 
    20.202495     1.25086     0.39556 
    20.275159     0.95325     0.30144 
    20.364817     0.80594     0.25486 
    20.440639     1.42413     0.45035 
    20.525807     0.67039     0.21200 
    20.640448     0.67865     0.21461 
    20.741710     0.86310     0.27294 
    20.857666     0.53357     0.16873 
    20.990508     0.61807     0.19545 
    21.091098     0.96124     0.30397 
    21.172871     0.88391     0.27952 
    21.248279     1.13879     0.36012 
    21.326500     0.82309     0.26028 
    21.428322     0.65742     0.20789 
    21.516639     1.16200     0.36746 
    21.584744     1.01628     0.32138 
    21.682315     0.59877     0.18935 
    21.801005     0.63598     0.20111 
